forecast_execution_date_ept,forecast_date,forecast_gen_outage_mw_rto,forecast_gen_outage_mw_west,forecast_gen_outage_mw_other
2/6/2024 12:00:00 AM,2/7/2024 12:00:00 AM,1595,23,1572
2/6/2024 12:00:00 AM,2/8/2024 12:00:00 AM,1595,23,1572
2/6/2024 12:00:00 AM,2/9/2024 12:00:00 AM,1592,23,1569
2/6/2024 12:00:00 AM,2/10/2024 12:00:00 AM,1592,23,1569
2/6/2024 12:00:00 AM,2/11/2024 12:00:00 AM,1592,23,1569
2/6/2024 12:00:00 AM,2/12/2024 12:00:00 AM,2564,23,2541
2/6/2024 12:00:00 AM,2/13/2024 12:00:00 AM,2564,23,2541
2/6/2024 12:00:00 AM,2/14/2024 12:00:00 AM,2564,23,2541
2/6/2024 12:00:00 AM,2/15/2024 12:00:00 AM,2564,23,2541
2/6/2024 12:00:00 AM,2/16/2024 12:00:00 AM,2397,26,2371
2/6/2024 12:00:00 AM,2/17/2024 12:00:00 AM,2609,251,2358
2/6/2024 12:00:00 AM,2/18/2024 12:00:00 AM,2609,251,2358
2/6/2024 12:00:00 AM,2/19/2024 12:00:00 AM,3873,1432,2441
2/6/2024 12:00:00 AM,2/20/2024 12:00:00 AM,4562,2121,2441
2/6/2024 12:00:00 AM,2/21/2024 12:00:00 AM,4604,2121,2483
2/6/2024 12:00:00 AM,2/22/2024 12:00:00 AM,4562,2121,2441
2/6/2024 12:00:00 AM,2/23/2024 12:00:00 AM,6219,2309,3910
2/6/2024 12:00:00 AM,2/24/2024 12:00:00 AM,7495,2309,5186
2/6/2024 12:00:00 AM,2/25/2024 12:00:00 AM,7505,2319,5186
2/6/2024 12:00:00 AM,2/26/2024 12:00:00 AM,7683,2319,5364
2/6/2024 12:00:00 AM,2/27/2024 12:00:00 AM,7655,2316,5339
2/6/2024 12:00:00 AM,2/28/2024 12:00:00 AM,7655,2316,5339
2/6/2024 12:00:00 AM,2/29/2024 12:00:00 AM,7655,2316,5339
2/6/2024 12:00:00 AM,3/1/2024 12:00:00 AM,10025,3745,6280
2/6/2024 12:00:00 AM,3/2/2024 12:00:00 AM,10919,3952,6967
2/6/2024 12:00:00 AM,3/3/2024 12:00:00 AM,12484,4892,7592
2/6/2024 12:00:00 AM,3/4/2024 12:00:00 AM,14919,4892,10027
2/6/2024 12:00:00 AM,3/5/2024 12:00:00 AM,14946,4919,10027
2/6/2024 12:00:00 AM,3/6/2024 12:00:00 AM,14945,5679,9266
2/6/2024 12:00:00 AM,3/7/2024 12:00:00 AM,14945,5679,9266
2/6/2024 12:00:00 AM,3/8/2024 12:00:00 AM,15102,5832,9270
2/6/2024 12:00:00 AM,3/9/2024 12:00:00 AM,19790,9148,10642
2/6/2024 12:00:00 AM,3/10/2024 12:00:00 AM,20736,9118,11618
2/6/2024 12:00:00 AM,3/11/2024 12:00:00 AM,20577,8785,11792
2/6/2024 12:00:00 AM,3/12/2024 12:00:00 AM,20733,8941,11792
2/6/2024 12:00:00 AM,3/13/2024 12:00:00 AM,20551,8941,11610
2/6/2024 12:00:00 AM,3/14/2024 12:00:00 AM,20014,8782,11232
2/6/2024 12:00:00 AM,3/15/2024 12:00:00 AM,20886,9089,11797
2/6/2024 12:00:00 AM,3/16/2024 12:00:00 AM,23970,10237,13733
2/6/2024 12:00:00 AM,3/17/2024 12:00:00 AM,24302,10301,14001
2/6/2024 12:00:00 AM,3/18/2024 12:00:00 AM,24975,11162,13813
2/6/2024 12:00:00 AM,3/19/2024 12:00:00 AM,24992,10956,14036
2/6/2024 12:00:00 AM,3/20/2024 12:00:00 AM,24441,10956,13485
2/6/2024 12:00:00 AM,3/21/2024 12:00:00 AM,23882,10879,13003
2/6/2024 12:00:00 AM,3/22/2024 12:00:00 AM,23882,10926,12956
2/6/2024 12:00:00 AM,3/23/2024 12:00:00 AM,26635,11166,15469
2/6/2024 12:00:00 AM,3/24/2024 12:00:00 AM,27246,11966,15280
2/6/2024 12:00:00 AM,3/25/2024 12:00:00 AM,27716,12055,15661
2/6/2024 12:00:00 AM,3/26/2024 12:00:00 AM,27576,12049,15527
2/6/2024 12:00:00 AM,3/27/2024 12:00:00 AM,27077,11640,15437
2/6/2024 12:00:00 AM,3/28/2024 12:00:00 AM,26654,11226,15428
2/6/2024 12:00:00 AM,3/29/2024 12:00:00 AM,25699,9750,15949
2/6/2024 12:00:00 AM,3/30/2024 12:00:00 AM,29148,11773,17375
2/6/2024 12:00:00 AM,3/31/2024 12:00:00 AM,30715,13013,17702
2/6/2024 12:00:00 AM,4/1/2024 12:00:00 AM,31806,13794,18012
2/6/2024 12:00:00 AM,4/2/2024 12:00:00 AM,30829,13892,16937
2/6/2024 12:00:00 AM,4/3/2024 12:00:00 AM,31384,13796,17588
2/6/2024 12:00:00 AM,4/4/2024 12:00:00 AM,32156,13880,18276
2/6/2024 12:00:00 AM,4/5/2024 12:00:00 AM,32816,14159,18657
2/6/2024 12:00:00 AM,4/6/2024 12:00:00 AM,41615,19798,21817
2/6/2024 12:00:00 AM,4/7/2024 12:00:00 AM,42100,21005,21095
2/6/2024 12:00:00 AM,4/8/2024 12:00:00 AM,42662,19942,22720
2/6/2024 12:00:00 AM,4/9/2024 12:00:00 AM,42941,20262,22679
2/6/2024 12:00:00 AM,4/10/2024 12:00:00 AM,43826,21746,22080
2/6/2024 12:00:00 AM,4/11/2024 12:00:00 AM,43016,21782,21234
2/6/2024 12:00:00 AM,4/12/2024 12:00:00 AM,47080,23016,24064
2/6/2024 12:00:00 AM,4/13/2024 12:00:00 AM,50114,25399,24715
2/6/2024 12:00:00 AM,4/14/2024 12:00:00 AM,49884,26203,23681
2/6/2024 12:00:00 AM,4/15/2024 12:00:00 AM,50494,27224,23270
2/6/2024 12:00:00 AM,4/16/2024 12:00:00 AM,47753,27390,20363
2/6/2024 12:00:00 AM,4/17/2024 12:00:00 AM,46124,27328,18796
2/6/2024 12:00:00 AM,4/18/2024 12:00:00 AM,44919,26123,18796
2/6/2024 12:00:00 AM,4/19/2024 12:00:00 AM,44400,24884,19516
2/6/2024 12:00:00 AM,4/20/2024 12:00:00 AM,45723,24698,21025
2/6/2024 12:00:00 AM,4/21/2024 12:00:00 AM,43898,23060,20838
2/6/2024 12:00:00 AM,4/22/2024 12:00:00 AM,42098,22491,19607
2/6/2024 12:00:00 AM,4/23/2024 12:00:00 AM,35725,17209,18516
2/6/2024 12:00:00 AM,4/24/2024 12:00:00 AM,35014,16605,18409
2/6/2024 12:00:00 AM,4/25/2024 12:00:00 AM,35760,17347,18413
2/6/2024 12:00:00 AM,4/26/2024 12:00:00 AM,35717,17019,18698
2/6/2024 12:00:00 AM,4/27/2024 12:00:00 AM,38556,19144,19412
2/6/2024 12:00:00 AM,4/28/2024 12:00:00 AM,38399,18030,20369
2/6/2024 12:00:00 AM,4/29/2024 12:00:00 AM,36182,16647,19535
2/6/2024 12:00:00 AM,4/30/2024 12:00:00 AM,33874,15927,17947
2/6/2024 12:00:00 AM,5/1/2024 12:00:00 AM,32484,16272,16212
2/6/2024 12:00:00 AM,5/2/2024 12:00:00 AM,31536,15324,16212
2/6/2024 12:00:00 AM,5/3/2024 12:00:00 AM,34228,15254,18974
2/6/2024 12:00:00 AM,5/4/2024 12:00:00 AM,35393,15811,19582
2/6/2024 12:00:00 AM,5/5/2024 12:00:00 AM,35242,15932,19310
2/6/2024 12:00:00 AM,5/6/2024 12:00:00 AM,32659,15476,17183
2/6/2024 12:00:00 AM,5/7/2024 12:00:00 AM,31478,15088,16390
2/5/2024 12:00:00 AM,2/6/2024 12:00:00 AM,1640,23,1617
2/5/2024 12:00:00 AM,2/7/2024 12:00:00 AM,1640,23,1617
2/5/2024 12:00:00 AM,2/8/2024 12:00:00 AM,1640,23,1617
2/5/2024 12:00:00 AM,2/9/2024 12:00:00 AM,1637,23,1614
2/5/2024 12:00:00 AM,2/10/2024 12:00:00 AM,1592,23,1569
2/5/2024 12:00:00 AM,2/11/2024 12:00:00 AM,1592,23,1569
2/5/2024 12:00:00 AM,2/12/2024 12:00:00 AM,2564,23,2541
2/5/2024 12:00:00 AM,2/13/2024 12:00:00 AM,2564,23,2541
2/5/2024 12:00:00 AM,2/14/2024 12:00:00 AM,2564,23,2541
2/5/2024 12:00:00 AM,2/15/2024 12:00:00 AM,2564,23,2541
2/5/2024 12:00:00 AM,2/16/2024 12:00:00 AM,2397,26,2371
2/5/2024 12:00:00 AM,2/17/2024 12:00:00 AM,2609,251,2358
2/5/2024 12:00:00 AM,2/18/2024 12:00:00 AM,2609,251,2358
2/5/2024 12:00:00 AM,2/19/2024 12:00:00 AM,3873,1432,2441
2/5/2024 12:00:00 AM,2/20/2024 12:00:00 AM,4562,2121,2441
2/5/2024 12:00:00 AM,2/21/2024 12:00:00 AM,4604,2121,2483
2/5/2024 12:00:00 AM,2/22/2024 12:00:00 AM,4562,2121,2441
2/5/2024 12:00:00 AM,2/23/2024 12:00:00 AM,6219,2309,3910
2/5/2024 12:00:00 AM,2/24/2024 12:00:00 AM,7495,2309,5186
2/5/2024 12:00:00 AM,2/25/2024 12:00:00 AM,7505,2319,5186
2/5/2024 12:00:00 AM,2/26/2024 12:00:00 AM,7683,2319,5364
2/5/2024 12:00:00 AM,2/27/2024 12:00:00 AM,7655,2316,5339
2/5/2024 12:00:00 AM,2/28/2024 12:00:00 AM,7655,2316,5339
2/5/2024 12:00:00 AM,2/29/2024 12:00:00 AM,7655,2316,5339
2/5/2024 12:00:00 AM,3/1/2024 12:00:00 AM,10025,3745,6280
2/5/2024 12:00:00 AM,3/2/2024 12:00:00 AM,10919,3952,6967
2/5/2024 12:00:00 AM,3/3/2024 12:00:00 AM,12986,4892,8094
2/5/2024 12:00:00 AM,3/4/2024 12:00:00 AM,15421,4892,10529
2/5/2024 12:00:00 AM,3/5/2024 12:00:00 AM,15448,4919,10529
2/5/2024 12:00:00 AM,3/6/2024 12:00:00 AM,15447,5679,9768
2/5/2024 12:00:00 AM,3/7/2024 12:00:00 AM,15447,5679,9768
2/5/2024 12:00:00 AM,3/8/2024 12:00:00 AM,15604,5832,9772
2/5/2024 12:00:00 AM,3/9/2024 12:00:00 AM,20292,9148,11144
2/5/2024 12:00:00 AM,3/10/2024 12:00:00 AM,20403,8785,11618
2/5/2024 12:00:00 AM,3/11/2024 12:00:00 AM,20728,8785,11943
2/5/2024 12:00:00 AM,3/12/2024 12:00:00 AM,20884,8941,11943
2/5/2024 12:00:00 AM,3/13/2024 12:00:00 AM,20702,8941,11761
2/5/2024 12:00:00 AM,3/14/2024 12:00:00 AM,20165,8782,11383
2/5/2024 12:00:00 AM,3/15/2024 12:00:00 AM,21037,9089,11948
2/5/2024 12:00:00 AM,3/16/2024 12:00:00 AM,23938,9904,14034
2/5/2024 12:00:00 AM,3/17/2024 12:00:00 AM,24382,10301,14081
2/5/2024 12:00:00 AM,3/18/2024 12:00:00 AM,25034,11141,13893
2/5/2024 12:00:00 AM,3/19/2024 12:00:00 AM,25051,10935,14116
2/5/2024 12:00:00 AM,3/20/2024 12:00:00 AM,24500,10935,13565
2/5/2024 12:00:00 AM,3/21/2024 12:00:00 AM,23941,10858,13083
2/5/2024 12:00:00 AM,3/22/2024 12:00:00 AM,23941,10905,13036
2/5/2024 12:00:00 AM,3/23/2024 12:00:00 AM,26694,11145,15549
2/5/2024 12:00:00 AM,3/24/2024 12:00:00 AM,27154,11945,15209
2/5/2024 12:00:00 AM,3/25/2024 12:00:00 AM,27624,12034,15590
2/5/2024 12:00:00 AM,3/26/2024 12:00:00 AM,27454,12028,15426
2/5/2024 12:00:00 AM,3/27/2024 12:00:00 AM,26620,11284,15336
2/5/2024 12:00:00 AM,3/28/2024 12:00:00 AM,26532,11205,15327
2/5/2024 12:00:00 AM,3/29/2024 12:00:00 AM,25577,9729,15848
2/5/2024 12:00:00 AM,3/30/2024 12:00:00 AM,28876,11752,17124
2/5/2024 12:00:00 AM,3/31/2024 12:00:00 AM,30310,12992,17318
2/5/2024 12:00:00 AM,4/1/2024 12:00:00 AM,31422,13794,17628
2/5/2024 12:00:00 AM,4/2/2024 12:00:00 AM,30445,13892,16553
2/5/2024 12:00:00 AM,4/3/2024 12:00:00 AM,31000,13796,17204
2/5/2024 12:00:00 AM,4/4/2024 12:00:00 AM,31772,13880,17892
2/5/2024 12:00:00 AM,4/5/2024 12:00:00 AM,32432,14159,18273
2/5/2024 12:00:00 AM,4/6/2024 12:00:00 AM,39606,18523,21083
2/5/2024 12:00:00 AM,4/7/2024 12:00:00 AM,40660,20065,20595
2/5/2024 12:00:00 AM,4/8/2024 12:00:00 AM,40338,18366,21972
2/5/2024 12:00:00 AM,4/9/2024 12:00:00 AM,40953,19022,21931
2/5/2024 12:00:00 AM,4/10/2024 12:00:00 AM,41838,20506,21332
2/5/2024 12:00:00 AM,4/11/2024 12:00:00 AM,41028,20542,20486
2/5/2024 12:00:00 AM,4/12/2024 12:00:00 AM,45092,21776,23316
2/5/2024 12:00:00 AM,4/13/2024 12:00:00 AM,47790,23823,23967
2/5/2024 12:00:00 AM,4/14/2024 12:00:00 AM,48046,24963,23083
2/5/2024 12:00:00 AM,4/15/2024 12:00:00 AM,48656,25984,22672
2/5/2024 12:00:00 AM,4/16/2024 12:00:00 AM,46265,26150,20115
2/5/2024 12:00:00 AM,4/17/2024 12:00:00 AM,44636,26088,18548
2/5/2024 12:00:00 AM,4/18/2024 12:00:00 AM,43731,25183,18548
2/5/2024 12:00:00 AM,4/19/2024 12:00:00 AM,43212,23944,19268
2/5/2024 12:00:00 AM,4/20/2024 12:00:00 AM,44783,23758,21025
2/5/2024 12:00:00 AM,4/21/2024 12:00:00 AM,43898,23060,20838
2/5/2024 12:00:00 AM,4/22/2024 12:00:00 AM,42098,22491,19607
2/5/2024 12:00:00 AM,4/23/2024 12:00:00 AM,35725,17209,18516
2/5/2024 12:00:00 AM,4/24/2024 12:00:00 AM,35014,16605,18409
2/5/2024 12:00:00 AM,4/25/2024 12:00:00 AM,35760,17347,18413
2/5/2024 12:00:00 AM,4/26/2024 12:00:00 AM,35717,17019,18698
2/5/2024 12:00:00 AM,4/27/2024 12:00:00 AM,38556,19144,19412
2/5/2024 12:00:00 AM,4/28/2024 12:00:00 AM,38399,18030,20369
2/5/2024 12:00:00 AM,4/29/2024 12:00:00 AM,36182,16647,19535
2/5/2024 12:00:00 AM,4/30/2024 12:00:00 AM,33874,15927,17947
2/5/2024 12:00:00 AM,5/1/2024 12:00:00 AM,32484,16272,16212
2/5/2024 12:00:00 AM,5/2/2024 12:00:00 AM,31536,15324,16212
2/5/2024 12:00:00 AM,5/3/2024 12:00:00 AM,34228,15254,18974
2/5/2024 12:00:00 AM,5/4/2024 12:00:00 AM,35393,15811,19582
2/5/2024 12:00:00 AM,5/5/2024 12:00:00 AM,35242,15932,19310
2/5/2024 12:00:00 AM,5/6/2024 12:00:00 AM,32659,15476,17183
2/4/2024 12:00:00 AM,2/5/2024 12:00:00 AM,1640,23,1617
2/4/2024 12:00:00 AM,2/6/2024 12:00:00 AM,1640,23,1617
2/4/2024 12:00:00 AM,2/7/2024 12:00:00 AM,1640,23,1617
2/4/2024 12:00:00 AM,2/8/2024 12:00:00 AM,1640,23,1617
2/4/2024 12:00:00 AM,2/9/2024 12:00:00 AM,1640,26,1614
2/4/2024 12:00:00 AM,2/10/2024 12:00:00 AM,1595,26,1569
2/4/2024 12:00:00 AM,2/11/2024 12:00:00 AM,1595,26,1569
2/4/2024 12:00:00 AM,2/12/2024 12:00:00 AM,2567,26,2541
2/4/2024 12:00:00 AM,2/13/2024 12:00:00 AM,2564,23,2541
2/4/2024 12:00:00 AM,2/14/2024 12:00:00 AM,2564,23,2541
2/4/2024 12:00:00 AM,2/15/2024 12:00:00 AM,2564,23,2541
2/4/2024 12:00:00 AM,2/16/2024 12:00:00 AM,2397,26,2371
2/4/2024 12:00:00 AM,2/17/2024 12:00:00 AM,2609,251,2358
2/4/2024 12:00:00 AM,2/18/2024 12:00:00 AM,2609,251,2358
2/4/2024 12:00:00 AM,2/19/2024 12:00:00 AM,3873,1432,2441
2/4/2024 12:00:00 AM,2/20/2024 12:00:00 AM,4562,2121,2441
2/4/2024 12:00:00 AM,2/21/2024 12:00:00 AM,4604,2121,2483
2/4/2024 12:00:00 AM,2/22/2024 12:00:00 AM,4562,2121,2441
2/4/2024 12:00:00 AM,2/23/2024 12:00:00 AM,6219,2309,3910
2/4/2024 12:00:00 AM,2/24/2024 12:00:00 AM,7495,2309,5186
2/4/2024 12:00:00 AM,2/25/2024 12:00:00 AM,7505,2319,5186
2/4/2024 12:00:00 AM,2/26/2024 12:00:00 AM,7683,2319,5364
2/4/2024 12:00:00 AM,2/27/2024 12:00:00 AM,7655,2316,5339
2/4/2024 12:00:00 AM,2/28/2024 12:00:00 AM,7655,2316,5339
2/4/2024 12:00:00 AM,2/29/2024 12:00:00 AM,7655,2316,5339
2/4/2024 12:00:00 AM,3/1/2024 12:00:00 AM,10025,3745,6280
2/4/2024 12:00:00 AM,3/2/2024 12:00:00 AM,10919,3952,6967
2/4/2024 12:00:00 AM,3/3/2024 12:00:00 AM,12986,4892,8094
2/4/2024 12:00:00 AM,3/4/2024 12:00:00 AM,15421,4892,10529
2/4/2024 12:00:00 AM,3/5/2024 12:00:00 AM,15448,4919,10529
2/4/2024 12:00:00 AM,3/6/2024 12:00:00 AM,15447,5679,9768
2/4/2024 12:00:00 AM,3/7/2024 12:00:00 AM,15447,5679,9768
2/4/2024 12:00:00 AM,3/8/2024 12:00:00 AM,15604,5832,9772
2/4/2024 12:00:00 AM,3/9/2024 12:00:00 AM,20292,9148,11144
2/4/2024 12:00:00 AM,3/10/2024 12:00:00 AM,20403,8785,11618
2/4/2024 12:00:00 AM,3/11/2024 12:00:00 AM,20728,8785,11943
2/4/2024 12:00:00 AM,3/12/2024 12:00:00 AM,20884,8941,11943
2/4/2024 12:00:00 AM,3/13/2024 12:00:00 AM,20702,8941,11761
2/4/2024 12:00:00 AM,3/14/2024 12:00:00 AM,20165,8782,11383
2/4/2024 12:00:00 AM,3/15/2024 12:00:00 AM,21037,9089,11948
2/4/2024 12:00:00 AM,3/16/2024 12:00:00 AM,23938,9904,14034
2/4/2024 12:00:00 AM,3/17/2024 12:00:00 AM,24382,10301,14081
2/4/2024 12:00:00 AM,3/18/2024 12:00:00 AM,25034,11141,13893
2/4/2024 12:00:00 AM,3/19/2024 12:00:00 AM,25051,10935,14116
2/4/2024 12:00:00 AM,3/20/2024 12:00:00 AM,24500,10935,13565
2/4/2024 12:00:00 AM,3/21/2024 12:00:00 AM,23941,10858,13083
2/4/2024 12:00:00 AM,3/22/2024 12:00:00 AM,23941,10905,13036
2/4/2024 12:00:00 AM,3/23/2024 12:00:00 AM,26694,11145,15549
2/4/2024 12:00:00 AM,3/24/2024 12:00:00 AM,27154,11945,15209
2/4/2024 12:00:00 AM,3/25/2024 12:00:00 AM,27624,12034,15590
2/4/2024 12:00:00 AM,3/26/2024 12:00:00 AM,27454,12028,15426
2/4/2024 12:00:00 AM,3/27/2024 12:00:00 AM,26620,11284,15336
2/4/2024 12:00:00 AM,3/28/2024 12:00:00 AM,26532,11205,15327
2/4/2024 12:00:00 AM,3/29/2024 12:00:00 AM,25577,9729,15848
2/4/2024 12:00:00 AM,3/30/2024 12:00:00 AM,28876,11752,17124
2/4/2024 12:00:00 AM,3/31/2024 12:00:00 AM,30310,12992,17318
2/4/2024 12:00:00 AM,4/1/2024 12:00:00 AM,31422,13794,17628
2/4/2024 12:00:00 AM,4/2/2024 12:00:00 AM,30445,13892,16553
2/4/2024 12:00:00 AM,4/3/2024 12:00:00 AM,31000,13796,17204
2/4/2024 12:00:00 AM,4/4/2024 12:00:00 AM,31772,13880,17892
2/4/2024 12:00:00 AM,4/5/2024 12:00:00 AM,32432,14159,18273
2/4/2024 12:00:00 AM,4/6/2024 12:00:00 AM,39606,18523,21083
2/4/2024 12:00:00 AM,4/7/2024 12:00:00 AM,40660,20065,20595
2/4/2024 12:00:00 AM,4/8/2024 12:00:00 AM,40338,18366,21972
2/4/2024 12:00:00 AM,4/9/2024 12:00:00 AM,40953,19022,21931
2/4/2024 12:00:00 AM,4/10/2024 12:00:00 AM,41838,20506,21332
2/4/2024 12:00:00 AM,4/11/2024 12:00:00 AM,41028,20542,20486
2/4/2024 12:00:00 AM,4/12/2024 12:00:00 AM,45092,21776,23316
2/4/2024 12:00:00 AM,4/13/2024 12:00:00 AM,47790,23823,23967
2/4/2024 12:00:00 AM,4/14/2024 12:00:00 AM,48046,24963,23083
2/4/2024 12:00:00 AM,4/15/2024 12:00:00 AM,48656,25984,22672
2/4/2024 12:00:00 AM,4/16/2024 12:00:00 AM,46265,26150,20115
2/4/2024 12:00:00 AM,4/17/2024 12:00:00 AM,44636,26088,18548
2/4/2024 12:00:00 AM,4/18/2024 12:00:00 AM,43731,25183,18548
2/4/2024 12:00:00 AM,4/19/2024 12:00:00 AM,43212,23944,19268
2/4/2024 12:00:00 AM,4/20/2024 12:00:00 AM,44783,23758,21025
2/4/2024 12:00:00 AM,4/21/2024 12:00:00 AM,43898,23060,20838
2/4/2024 12:00:00 AM,4/22/2024 12:00:00 AM,42098,22491,19607
2/4/2024 12:00:00 AM,4/23/2024 12:00:00 AM,35725,17209,18516
2/4/2024 12:00:00 AM,4/24/2024 12:00:00 AM,35014,16605,18409
2/4/2024 12:00:00 AM,4/25/2024 12:00:00 AM,35760,17347,18413
2/4/2024 12:00:00 AM,4/26/2024 12:00:00 AM,35717,17019,18698
2/4/2024 12:00:00 AM,4/27/2024 12:00:00 AM,38556,19144,19412
2/4/2024 12:00:00 AM,4/28/2024 12:00:00 AM,38399,18030,20369
2/4/2024 12:00:00 AM,4/29/2024 12:00:00 AM,36182,16647,19535
2/4/2024 12:00:00 AM,4/30/2024 12:00:00 AM,33874,15927,17947
2/4/2024 12:00:00 AM,5/1/2024 12:00:00 AM,32484,16272,16212
2/4/2024 12:00:00 AM,5/2/2024 12:00:00 AM,31536,15324,16212
2/4/2024 12:00:00 AM,5/3/2024 12:00:00 AM,34228,15254,18974
2/4/2024 12:00:00 AM,5/4/2024 12:00:00 AM,35393,15811,19582
2/4/2024 12:00:00 AM,5/5/2024 12:00:00 AM,35242,15932,19310
2/3/2024 12:00:00 AM,2/4/2024 12:00:00 AM,1716,115,1601
2/3/2024 12:00:00 AM,2/5/2024 12:00:00 AM,1640,23,1617
2/3/2024 12:00:00 AM,2/6/2024 12:00:00 AM,1640,23,1617
2/3/2024 12:00:00 AM,2/7/2024 12:00:00 AM,1640,23,1617
2/3/2024 12:00:00 AM,2/8/2024 12:00:00 AM,1640,23,1617
2/3/2024 12:00:00 AM,2/9/2024 12:00:00 AM,1640,26,1614
2/3/2024 12:00:00 AM,2/10/2024 12:00:00 AM,1595,26,1569
2/3/2024 12:00:00 AM,2/11/2024 12:00:00 AM,1595,26,1569
2/3/2024 12:00:00 AM,2/12/2024 12:00:00 AM,2567,26,2541
2/3/2024 12:00:00 AM,2/13/2024 12:00:00 AM,2564,23,2541
2/3/2024 12:00:00 AM,2/14/2024 12:00:00 AM,2564,23,2541
2/3/2024 12:00:00 AM,2/15/2024 12:00:00 AM,2564,23,2541
2/3/2024 12:00:00 AM,2/16/2024 12:00:00 AM,2397,26,2371
2/3/2024 12:00:00 AM,2/17/2024 12:00:00 AM,2609,251,2358
2/3/2024 12:00:00 AM,2/18/2024 12:00:00 AM,2609,251,2358
2/3/2024 12:00:00 AM,2/19/2024 12:00:00 AM,3873,1432,2441
2/3/2024 12:00:00 AM,2/20/2024 12:00:00 AM,4562,2121,2441
2/3/2024 12:00:00 AM,2/21/2024 12:00:00 AM,4604,2121,2483
2/3/2024 12:00:00 AM,2/22/2024 12:00:00 AM,4562,2121,2441
2/3/2024 12:00:00 AM,2/23/2024 12:00:00 AM,6219,2309,3910
2/3/2024 12:00:00 AM,2/24/2024 12:00:00 AM,7495,2309,5186
2/3/2024 12:00:00 AM,2/25/2024 12:00:00 AM,7505,2319,5186
2/3/2024 12:00:00 AM,2/26/2024 12:00:00 AM,7683,2319,5364
2/3/2024 12:00:00 AM,2/27/2024 12:00:00 AM,7655,2316,5339
2/3/2024 12:00:00 AM,2/28/2024 12:00:00 AM,7655,2316,5339
2/3/2024 12:00:00 AM,2/29/2024 12:00:00 AM,7655,2316,5339
2/3/2024 12:00:00 AM,3/1/2024 12:00:00 AM,10025,3745,6280
2/3/2024 12:00:00 AM,3/2/2024 12:00:00 AM,10919,3952,6967
2/3/2024 12:00:00 AM,3/3/2024 12:00:00 AM,12986,4892,8094
2/3/2024 12:00:00 AM,3/4/2024 12:00:00 AM,15421,4892,10529
2/3/2024 12:00:00 AM,3/5/2024 12:00:00 AM,15448,4919,10529
2/3/2024 12:00:00 AM,3/6/2024 12:00:00 AM,15447,5679,9768
2/3/2024 12:00:00 AM,3/7/2024 12:00:00 AM,15447,5679,9768
2/3/2024 12:00:00 AM,3/8/2024 12:00:00 AM,15604,5832,9772
2/3/2024 12:00:00 AM,3/9/2024 12:00:00 AM,20292,9148,11144
2/3/2024 12:00:00 AM,3/10/2024 12:00:00 AM,20403,8785,11618
2/3/2024 12:00:00 AM,3/11/2024 12:00:00 AM,20728,8785,11943
2/3/2024 12:00:00 AM,3/12/2024 12:00:00 AM,20884,8941,11943
2/3/2024 12:00:00 AM,3/13/2024 12:00:00 AM,20702,8941,11761
2/3/2024 12:00:00 AM,3/14/2024 12:00:00 AM,20165,8782,11383
2/3/2024 12:00:00 AM,3/15/2024 12:00:00 AM,21037,9089,11948
2/3/2024 12:00:00 AM,3/16/2024 12:00:00 AM,23938,9904,14034
2/3/2024 12:00:00 AM,3/17/2024 12:00:00 AM,24382,10301,14081
2/3/2024 12:00:00 AM,3/18/2024 12:00:00 AM,25034,11141,13893
2/3/2024 12:00:00 AM,3/19/2024 12:00:00 AM,25051,10935,14116
2/3/2024 12:00:00 AM,3/20/2024 12:00:00 AM,24500,10935,13565
2/3/2024 12:00:00 AM,3/21/2024 12:00:00 AM,23941,10858,13083
2/3/2024 12:00:00 AM,3/22/2024 12:00:00 AM,23941,10905,13036
2/3/2024 12:00:00 AM,3/23/2024 12:00:00 AM,26694,11145,15549
2/3/2024 12:00:00 AM,3/24/2024 12:00:00 AM,27154,11945,15209
2/3/2024 12:00:00 AM,3/25/2024 12:00:00 AM,27624,12034,15590
2/3/2024 12:00:00 AM,3/26/2024 12:00:00 AM,27454,12028,15426
2/3/2024 12:00:00 AM,3/27/2024 12:00:00 AM,26620,11284,15336
2/3/2024 12:00:00 AM,3/28/2024 12:00:00 AM,26532,11205,15327
2/3/2024 12:00:00 AM,3/29/2024 12:00:00 AM,25577,9729,15848
2/3/2024 12:00:00 AM,3/30/2024 12:00:00 AM,28876,11752,17124
2/3/2024 12:00:00 AM,3/31/2024 12:00:00 AM,30310,12992,17318
2/3/2024 12:00:00 AM,4/1/2024 12:00:00 AM,31422,13794,17628
2/3/2024 12:00:00 AM,4/2/2024 12:00:00 AM,30445,13892,16553
2/3/2024 12:00:00 AM,4/3/2024 12:00:00 AM,31000,13796,17204
2/3/2024 12:00:00 AM,4/4/2024 12:00:00 AM,31772,13880,17892
2/3/2024 12:00:00 AM,4/5/2024 12:00:00 AM,32432,14159,18273
2/3/2024 12:00:00 AM,4/6/2024 12:00:00 AM,39606,18523,21083
2/3/2024 12:00:00 AM,4/7/2024 12:00:00 AM,40660,20065,20595
2/3/2024 12:00:00 AM,4/8/2024 12:00:00 AM,40338,18366,21972
2/3/2024 12:00:00 AM,4/9/2024 12:00:00 AM,40953,19022,21931
2/3/2024 12:00:00 AM,4/10/2024 12:00:00 AM,41838,20506,21332
2/3/2024 12:00:00 AM,4/11/2024 12:00:00 AM,41028,20542,20486
2/3/2024 12:00:00 AM,4/12/2024 12:00:00 AM,45092,21776,23316
2/3/2024 12:00:00 AM,4/13/2024 12:00:00 AM,47790,23823,23967
2/3/2024 12:00:00 AM,4/14/2024 12:00:00 AM,48046,24963,23083
2/3/2024 12:00:00 AM,4/15/2024 12:00:00 AM,48656,25984,22672
2/3/2024 12:00:00 AM,4/16/2024 12:00:00 AM,46265,26150,20115
2/3/2024 12:00:00 AM,4/17/2024 12:00:00 AM,44636,26088,18548
2/3/2024 12:00:00 AM,4/18/2024 12:00:00 AM,43731,25183,18548
2/3/2024 12:00:00 AM,4/19/2024 12:00:00 AM,43212,23944,19268
2/3/2024 12:00:00 AM,4/20/2024 12:00:00 AM,44783,23758,21025
2/3/2024 12:00:00 AM,4/21/2024 12:00:00 AM,43898,23060,20838
2/3/2024 12:00:00 AM,4/22/2024 12:00:00 AM,42098,22491,19607
2/3/2024 12:00:00 AM,4/23/2024 12:00:00 AM,35725,17209,18516
2/3/2024 12:00:00 AM,4/24/2024 12:00:00 AM,35014,16605,18409
2/3/2024 12:00:00 AM,4/25/2024 12:00:00 AM,35760,17347,18413
2/3/2024 12:00:00 AM,4/26/2024 12:00:00 AM,35717,17019,18698
2/3/2024 12:00:00 AM,4/27/2024 12:00:00 AM,38556,19144,19412
2/3/2024 12:00:00 AM,4/28/2024 12:00:00 AM,38399,18030,20369
2/3/2024 12:00:00 AM,4/29/2024 12:00:00 AM,36182,16647,19535
2/3/2024 12:00:00 AM,4/30/2024 12:00:00 AM,33874,15927,17947
2/3/2024 12:00:00 AM,5/1/2024 12:00:00 AM,32484,16272,16212
2/3/2024 12:00:00 AM,5/2/2024 12:00:00 AM,31536,15324,16212
2/3/2024 12:00:00 AM,5/3/2024 12:00:00 AM,34228,15254,18974
2/3/2024 12:00:00 AM,5/4/2024 12:00:00 AM,35393,15811,19582
2/2/2024 12:00:00 AM,2/3/2024 12:00:00 AM,1716,115,1601
2/2/2024 12:00:00 AM,2/4/2024 12:00:00 AM,1716,115,1601
2/2/2024 12:00:00 AM,2/5/2024 12:00:00 AM,1640,23,1617
2/2/2024 12:00:00 AM,2/6/2024 12:00:00 AM,1640,23,1617
2/2/2024 12:00:00 AM,2/7/2024 12:00:00 AM,1640,23,1617
2/2/2024 12:00:00 AM,2/8/2024 12:00:00 AM,1640,23,1617
2/2/2024 12:00:00 AM,2/9/2024 12:00:00 AM,1640,26,1614
2/2/2024 12:00:00 AM,2/10/2024 12:00:00 AM,1595,26,1569
2/2/2024 12:00:00 AM,2/11/2024 12:00:00 AM,1595,26,1569
2/2/2024 12:00:00 AM,2/12/2024 12:00:00 AM,2587,26,2561
2/2/2024 12:00:00 AM,2/13/2024 12:00:00 AM,2584,23,2561
2/2/2024 12:00:00 AM,2/14/2024 12:00:00 AM,2584,23,2561
2/2/2024 12:00:00 AM,2/15/2024 12:00:00 AM,2584,23,2561
2/2/2024 12:00:00 AM,2/16/2024 12:00:00 AM,2417,26,2391
2/2/2024 12:00:00 AM,2/17/2024 12:00:00 AM,2629,251,2378
2/2/2024 12:00:00 AM,2/18/2024 12:00:00 AM,2629,251,2378
2/2/2024 12:00:00 AM,2/19/2024 12:00:00 AM,3873,1432,2441
2/2/2024 12:00:00 AM,2/20/2024 12:00:00 AM,4562,2121,2441
2/2/2024 12:00:00 AM,2/21/2024 12:00:00 AM,4604,2121,2483
2/2/2024 12:00:00 AM,2/22/2024 12:00:00 AM,4562,2121,2441
2/2/2024 12:00:00 AM,2/23/2024 12:00:00 AM,6219,2309,3910
2/2/2024 12:00:00 AM,2/24/2024 12:00:00 AM,7495,2309,5186
2/2/2024 12:00:00 AM,2/25/2024 12:00:00 AM,7505,2319,5186
2/2/2024 12:00:00 AM,2/26/2024 12:00:00 AM,7663,2319,5344
2/2/2024 12:00:00 AM,2/27/2024 12:00:00 AM,7635,2316,5319
2/2/2024 12:00:00 AM,2/28/2024 12:00:00 AM,7635,2316,5319
2/2/2024 12:00:00 AM,2/29/2024 12:00:00 AM,7635,2316,5319
2/2/2024 12:00:00 AM,3/1/2024 12:00:00 AM,10005,3745,6260
2/2/2024 12:00:00 AM,3/2/2024 12:00:00 AM,10899,3952,6947
2/2/2024 12:00:00 AM,3/3/2024 12:00:00 AM,12966,4892,8074
2/2/2024 12:00:00 AM,3/4/2024 12:00:00 AM,15421,4892,10529
2/2/2024 12:00:00 AM,3/5/2024 12:00:00 AM,15448,4919,10529
2/2/2024 12:00:00 AM,3/6/2024 12:00:00 AM,15447,5679,9768
2/2/2024 12:00:00 AM,3/7/2024 12:00:00 AM,15447,5679,9768
2/2/2024 12:00:00 AM,3/8/2024 12:00:00 AM,15604,5832,9772
2/2/2024 12:00:00 AM,3/9/2024 12:00:00 AM,20027,9148,10879
2/2/2024 12:00:00 AM,3/10/2024 12:00:00 AM,20138,8785,11353
2/2/2024 12:00:00 AM,3/11/2024 12:00:00 AM,20463,8785,11678
2/2/2024 12:00:00 AM,3/12/2024 12:00:00 AM,20619,8941,11678
2/2/2024 12:00:00 AM,3/13/2024 12:00:00 AM,20437,8941,11496
2/2/2024 12:00:00 AM,3/14/2024 12:00:00 AM,19900,8782,11118
2/2/2024 12:00:00 AM,3/15/2024 12:00:00 AM,20772,9089,11683
2/2/2024 12:00:00 AM,3/16/2024 12:00:00 AM,23673,9904,13769
2/2/2024 12:00:00 AM,3/17/2024 12:00:00 AM,24117,10301,13816
2/2/2024 12:00:00 AM,3/18/2024 12:00:00 AM,24769,11141,13628
2/2/2024 12:00:00 AM,3/19/2024 12:00:00 AM,24786,10935,13851
2/2/2024 12:00:00 AM,3/20/2024 12:00:00 AM,24235,10935,13300
2/2/2024 12:00:00 AM,3/21/2024 12:00:00 AM,23676,10858,12818
2/2/2024 12:00:00 AM,3/22/2024 12:00:00 AM,23676,10905,12771
2/2/2024 12:00:00 AM,3/23/2024 12:00:00 AM,26094,11145,14949
2/2/2024 12:00:00 AM,3/24/2024 12:00:00 AM,26819,11945,14874
2/2/2024 12:00:00 AM,3/25/2024 12:00:00 AM,27289,12034,15255
2/2/2024 12:00:00 AM,3/26/2024 12:00:00 AM,27119,12028,15091
2/2/2024 12:00:00 AM,3/27/2024 12:00:00 AM,26285,11284,15001
2/2/2024 12:00:00 AM,3/28/2024 12:00:00 AM,26197,11205,14992
2/2/2024 12:00:00 AM,3/29/2024 12:00:00 AM,25242,9729,15513
2/2/2024 12:00:00 AM,3/30/2024 12:00:00 AM,28541,11752,16789
2/2/2024 12:00:00 AM,3/31/2024 12:00:00 AM,29975,12992,16983
2/2/2024 12:00:00 AM,4/1/2024 12:00:00 AM,31087,13794,17293
2/2/2024 12:00:00 AM,4/2/2024 12:00:00 AM,30110,13892,16218
2/2/2024 12:00:00 AM,4/3/2024 12:00:00 AM,30665,13796,16869
2/2/2024 12:00:00 AM,4/4/2024 12:00:00 AM,31437,13880,17557
2/2/2024 12:00:00 AM,4/5/2024 12:00:00 AM,32097,14159,17938
2/2/2024 12:00:00 AM,4/6/2024 12:00:00 AM,39271,18523,20748
2/2/2024 12:00:00 AM,4/7/2024 12:00:00 AM,40660,20065,20595
2/2/2024 12:00:00 AM,4/8/2024 12:00:00 AM,40338,18366,21972
2/2/2024 12:00:00 AM,4/9/2024 12:00:00 AM,40953,19022,21931
2/2/2024 12:00:00 AM,4/10/2024 12:00:00 AM,41838,20506,21332
2/2/2024 12:00:00 AM,4/11/2024 12:00:00 AM,41028,20542,20486
2/2/2024 12:00:00 AM,4/12/2024 12:00:00 AM,45092,21776,23316
2/2/2024 12:00:00 AM,4/13/2024 12:00:00 AM,47790,23823,23967
2/2/2024 12:00:00 AM,4/14/2024 12:00:00 AM,48046,24963,23083
2/2/2024 12:00:00 AM,4/15/2024 12:00:00 AM,48656,25984,22672
2/2/2024 12:00:00 AM,4/16/2024 12:00:00 AM,46265,26150,20115
2/2/2024 12:00:00 AM,4/17/2024 12:00:00 AM,44636,26088,18548
2/2/2024 12:00:00 AM,4/18/2024 12:00:00 AM,43731,25183,18548
2/2/2024 12:00:00 AM,4/19/2024 12:00:00 AM,43212,23944,19268
2/2/2024 12:00:00 AM,4/20/2024 12:00:00 AM,44783,23758,21025
2/2/2024 12:00:00 AM,4/21/2024 12:00:00 AM,43898,23060,20838
2/2/2024 12:00:00 AM,4/22/2024 12:00:00 AM,42249,22642,19607
2/2/2024 12:00:00 AM,4/23/2024 12:00:00 AM,35876,17360,18516
2/2/2024 12:00:00 AM,4/24/2024 12:00:00 AM,35014,16605,18409
2/2/2024 12:00:00 AM,4/25/2024 12:00:00 AM,35760,17347,18413
2/2/2024 12:00:00 AM,4/26/2024 12:00:00 AM,35717,17019,18698
2/2/2024 12:00:00 AM,4/27/2024 12:00:00 AM,38556,19144,19412
2/2/2024 12:00:00 AM,4/28/2024 12:00:00 AM,38399,18030,20369
2/2/2024 12:00:00 AM,4/29/2024 12:00:00 AM,36182,16647,19535
2/2/2024 12:00:00 AM,4/30/2024 12:00:00 AM,33874,15927,17947
2/2/2024 12:00:00 AM,5/1/2024 12:00:00 AM,32484,16272,16212
2/2/2024 12:00:00 AM,5/2/2024 12:00:00 AM,31536,15324,16212
2/2/2024 12:00:00 AM,5/3/2024 12:00:00 AM,34228,15254,18974
2/1/2024 12:00:00 AM,2/2/2024 12:00:00 AM,1716,115,1601
2/1/2024 12:00:00 AM,2/3/2024 12:00:00 AM,1716,115,1601
2/1/2024 12:00:00 AM,2/4/2024 12:00:00 AM,1716,115,1601
2/1/2024 12:00:00 AM,2/5/2024 12:00:00 AM,1640,23,1617
2/1/2024 12:00:00 AM,2/6/2024 12:00:00 AM,1640,23,1617
2/1/2024 12:00:00 AM,2/7/2024 12:00:00 AM,1640,23,1617
2/1/2024 12:00:00 AM,2/8/2024 12:00:00 AM,1640,23,1617
2/1/2024 12:00:00 AM,2/9/2024 12:00:00 AM,1640,26,1614
2/1/2024 12:00:00 AM,2/10/2024 12:00:00 AM,1595,26,1569
2/1/2024 12:00:00 AM,2/11/2024 12:00:00 AM,1595,26,1569
2/1/2024 12:00:00 AM,2/12/2024 12:00:00 AM,2587,26,2561
2/1/2024 12:00:00 AM,2/13/2024 12:00:00 AM,2584,23,2561
2/1/2024 12:00:00 AM,2/14/2024 12:00:00 AM,2584,23,2561
2/1/2024 12:00:00 AM,2/15/2024 12:00:00 AM,2584,23,2561
2/1/2024 12:00:00 AM,2/16/2024 12:00:00 AM,2417,26,2391
2/1/2024 12:00:00 AM,2/17/2024 12:00:00 AM,2629,251,2378
2/1/2024 12:00:00 AM,2/18/2024 12:00:00 AM,2629,251,2378
2/1/2024 12:00:00 AM,2/19/2024 12:00:00 AM,3873,1432,2441
2/1/2024 12:00:00 AM,2/20/2024 12:00:00 AM,4562,2121,2441
2/1/2024 12:00:00 AM,2/21/2024 12:00:00 AM,4604,2121,2483
2/1/2024 12:00:00 AM,2/22/2024 12:00:00 AM,4562,2121,2441
2/1/2024 12:00:00 AM,2/23/2024 12:00:00 AM,6219,2309,3910
2/1/2024 12:00:00 AM,2/24/2024 12:00:00 AM,7495,2309,5186
2/1/2024 12:00:00 AM,2/25/2024 12:00:00 AM,7505,2319,5186
2/1/2024 12:00:00 AM,2/26/2024 12:00:00 AM,7663,2319,5344
2/1/2024 12:00:00 AM,2/27/2024 12:00:00 AM,7635,2316,5319
2/1/2024 12:00:00 AM,2/28/2024 12:00:00 AM,7635,2316,5319
2/1/2024 12:00:00 AM,2/29/2024 12:00:00 AM,7635,2316,5319
2/1/2024 12:00:00 AM,3/1/2024 12:00:00 AM,10005,3745,6260
2/1/2024 12:00:00 AM,3/2/2024 12:00:00 AM,10899,3952,6947
2/1/2024 12:00:00 AM,3/3/2024 12:00:00 AM,12919,4892,8027
2/1/2024 12:00:00 AM,3/4/2024 12:00:00 AM,15374,4892,10482
2/1/2024 12:00:00 AM,3/5/2024 12:00:00 AM,15401,4919,10482
2/1/2024 12:00:00 AM,3/6/2024 12:00:00 AM,15400,5679,9721
2/1/2024 12:00:00 AM,3/7/2024 12:00:00 AM,15400,5679,9721
2/1/2024 12:00:00 AM,3/8/2024 12:00:00 AM,15604,5832,9772
2/1/2024 12:00:00 AM,3/9/2024 12:00:00 AM,20027,9148,10879
2/1/2024 12:00:00 AM,3/10/2024 12:00:00 AM,20138,8785,11353
2/1/2024 12:00:00 AM,3/11/2024 12:00:00 AM,20463,8785,11678
2/1/2024 12:00:00 AM,3/12/2024 12:00:00 AM,20619,8941,11678
2/1/2024 12:00:00 AM,3/13/2024 12:00:00 AM,20437,8941,11496
2/1/2024 12:00:00 AM,3/14/2024 12:00:00 AM,19900,8782,11118
2/1/2024 12:00:00 AM,3/15/2024 12:00:00 AM,20772,9089,11683
2/1/2024 12:00:00 AM,3/16/2024 12:00:00 AM,23589,9904,13685
2/1/2024 12:00:00 AM,3/17/2024 12:00:00 AM,23986,10301,13685
2/1/2024 12:00:00 AM,3/18/2024 12:00:00 AM,24638,11141,13497
2/1/2024 12:00:00 AM,3/19/2024 12:00:00 AM,24655,10935,13720
2/1/2024 12:00:00 AM,3/20/2024 12:00:00 AM,24104,10935,13169
2/1/2024 12:00:00 AM,3/21/2024 12:00:00 AM,23545,10858,12687
2/1/2024 12:00:00 AM,3/22/2024 12:00:00 AM,23955,10905,13050
2/1/2024 12:00:00 AM,3/23/2024 12:00:00 AM,26373,11145,15228
2/1/2024 12:00:00 AM,3/24/2024 12:00:00 AM,27051,11945,15106
2/1/2024 12:00:00 AM,3/25/2024 12:00:00 AM,27521,12034,15487
2/1/2024 12:00:00 AM,3/26/2024 12:00:00 AM,27351,12028,15323
2/1/2024 12:00:00 AM,3/27/2024 12:00:00 AM,26517,11284,15233
2/1/2024 12:00:00 AM,3/28/2024 12:00:00 AM,26429,11205,15224
2/1/2024 12:00:00 AM,3/29/2024 12:00:00 AM,25521,9729,15792
2/1/2024 12:00:00 AM,3/30/2024 12:00:00 AM,28904,11752,17152
2/1/2024 12:00:00 AM,3/31/2024 12:00:00 AM,30338,12992,17346
2/1/2024 12:00:00 AM,4/1/2024 12:00:00 AM,31450,13794,17656
2/1/2024 12:00:00 AM,4/2/2024 12:00:00 AM,30473,13892,16581
2/1/2024 12:00:00 AM,4/3/2024 12:00:00 AM,31028,13796,17232
2/1/2024 12:00:00 AM,4/4/2024 12:00:00 AM,31800,13880,17920
2/1/2024 12:00:00 AM,4/5/2024 12:00:00 AM,32097,14159,17938
2/1/2024 12:00:00 AM,4/6/2024 12:00:00 AM,39271,18523,20748
2/1/2024 12:00:00 AM,4/7/2024 12:00:00 AM,40660,20065,20595
2/1/2024 12:00:00 AM,4/8/2024 12:00:00 AM,40338,18366,21972
2/1/2024 12:00:00 AM,4/9/2024 12:00:00 AM,40953,19022,21931
2/1/2024 12:00:00 AM,4/10/2024 12:00:00 AM,41838,20506,21332
2/1/2024 12:00:00 AM,4/11/2024 12:00:00 AM,41028,20542,20486
2/1/2024 12:00:00 AM,4/12/2024 12:00:00 AM,45092,21776,23316
2/1/2024 12:00:00 AM,4/13/2024 12:00:00 AM,47790,23823,23967
2/1/2024 12:00:00 AM,4/14/2024 12:00:00 AM,47999,24963,23036
2/1/2024 12:00:00 AM,4/15/2024 12:00:00 AM,48609,25984,22625
2/1/2024 12:00:00 AM,4/16/2024 12:00:00 AM,46218,26150,20068
2/1/2024 12:00:00 AM,4/17/2024 12:00:00 AM,44589,26088,18501
2/1/2024 12:00:00 AM,4/18/2024 12:00:00 AM,43684,25183,18501
2/1/2024 12:00:00 AM,4/19/2024 12:00:00 AM,43165,23944,19221
2/1/2024 12:00:00 AM,4/20/2024 12:00:00 AM,44736,23758,20978
2/1/2024 12:00:00 AM,4/21/2024 12:00:00 AM,43488,23060,20428
2/1/2024 12:00:00 AM,4/22/2024 12:00:00 AM,41839,22642,19197
2/1/2024 12:00:00 AM,4/23/2024 12:00:00 AM,35466,17360,18106
2/1/2024 12:00:00 AM,4/24/2024 12:00:00 AM,34604,16605,17999
2/1/2024 12:00:00 AM,4/25/2024 12:00:00 AM,34815,17347,17468
2/1/2024 12:00:00 AM,4/26/2024 12:00:00 AM,34772,17019,17753
2/1/2024 12:00:00 AM,4/27/2024 12:00:00 AM,37611,19144,18467
2/1/2024 12:00:00 AM,4/28/2024 12:00:00 AM,36919,18030,18889
2/1/2024 12:00:00 AM,4/29/2024 12:00:00 AM,34702,16647,18055
2/1/2024 12:00:00 AM,4/30/2024 12:00:00 AM,32394,15927,16467
2/1/2024 12:00:00 AM,5/1/2024 12:00:00 AM,31539,16272,15267
2/1/2024 12:00:00 AM,5/2/2024 12:00:00 AM,30591,15324,15267
1/31/2024 12:00:00 AM,2/1/2024 12:00:00 AM,1719,115,1604
1/31/2024 12:00:00 AM,2/2/2024 12:00:00 AM,1716,115,1601
1/31/2024 12:00:00 AM,2/3/2024 12:00:00 AM,1716,115,1601
1/31/2024 12:00:00 AM,2/4/2024 12:00:00 AM,1716,115,1601
1/31/2024 12:00:00 AM,2/5/2024 12:00:00 AM,1640,23,1617
1/31/2024 12:00:00 AM,2/6/2024 12:00:00 AM,1640,23,1617
1/31/2024 12:00:00 AM,2/7/2024 12:00:00 AM,1640,23,1617
1/31/2024 12:00:00 AM,2/8/2024 12:00:00 AM,1640,23,1617
1/31/2024 12:00:00 AM,2/9/2024 12:00:00 AM,1640,26,1614
1/31/2024 12:00:00 AM,2/10/2024 12:00:00 AM,1595,26,1569
1/31/2024 12:00:00 AM,2/11/2024 12:00:00 AM,1595,26,1569
1/31/2024 12:00:00 AM,2/12/2024 12:00:00 AM,2587,26,2561
1/31/2024 12:00:00 AM,2/13/2024 12:00:00 AM,2584,23,2561
1/31/2024 12:00:00 AM,2/14/2024 12:00:00 AM,2584,23,2561
1/31/2024 12:00:00 AM,2/15/2024 12:00:00 AM,2584,23,2561
1/31/2024 12:00:00 AM,2/16/2024 12:00:00 AM,2417,26,2391
1/31/2024 12:00:00 AM,2/17/2024 12:00:00 AM,2629,251,2378
1/31/2024 12:00:00 AM,2/18/2024 12:00:00 AM,2629,251,2378
1/31/2024 12:00:00 AM,2/19/2024 12:00:00 AM,3873,1432,2441
1/31/2024 12:00:00 AM,2/20/2024 12:00:00 AM,4562,2121,2441
1/31/2024 12:00:00 AM,2/21/2024 12:00:00 AM,4604,2121,2483
1/31/2024 12:00:00 AM,2/22/2024 12:00:00 AM,4562,2121,2441
1/31/2024 12:00:00 AM,2/23/2024 12:00:00 AM,6219,2309,3910
1/31/2024 12:00:00 AM,2/24/2024 12:00:00 AM,7495,2309,5186
1/31/2024 12:00:00 AM,2/25/2024 12:00:00 AM,7505,2319,5186
1/31/2024 12:00:00 AM,2/26/2024 12:00:00 AM,7663,2319,5344
1/31/2024 12:00:00 AM,2/27/2024 12:00:00 AM,7635,2316,5319
1/31/2024 12:00:00 AM,2/28/2024 12:00:00 AM,7635,2316,5319
1/31/2024 12:00:00 AM,2/29/2024 12:00:00 AM,7635,2316,5319
1/31/2024 12:00:00 AM,3/1/2024 12:00:00 AM,10005,3745,6260
1/31/2024 12:00:00 AM,3/2/2024 12:00:00 AM,10899,3952,6947
1/31/2024 12:00:00 AM,3/3/2024 12:00:00 AM,12919,4892,8027
1/31/2024 12:00:00 AM,3/4/2024 12:00:00 AM,15374,4892,10482
1/31/2024 12:00:00 AM,3/5/2024 12:00:00 AM,15401,4919,10482
1/31/2024 12:00:00 AM,3/6/2024 12:00:00 AM,15400,5679,9721
1/31/2024 12:00:00 AM,3/7/2024 12:00:00 AM,15400,5679,9721
1/31/2024 12:00:00 AM,3/8/2024 12:00:00 AM,15604,5832,9772
1/31/2024 12:00:00 AM,3/9/2024 12:00:00 AM,20027,9148,10879
1/31/2024 12:00:00 AM,3/10/2024 12:00:00 AM,20138,8785,11353
1/31/2024 12:00:00 AM,3/11/2024 12:00:00 AM,20463,8785,11678
1/31/2024 12:00:00 AM,3/12/2024 12:00:00 AM,20619,8941,11678
1/31/2024 12:00:00 AM,3/13/2024 12:00:00 AM,20437,8941,11496
1/31/2024 12:00:00 AM,3/14/2024 12:00:00 AM,19900,8782,11118
1/31/2024 12:00:00 AM,3/15/2024 12:00:00 AM,20772,9089,11683
1/31/2024 12:00:00 AM,3/16/2024 12:00:00 AM,23589,9904,13685
1/31/2024 12:00:00 AM,3/17/2024 12:00:00 AM,23986,10301,13685
1/31/2024 12:00:00 AM,3/18/2024 12:00:00 AM,24638,11141,13497
1/31/2024 12:00:00 AM,3/19/2024 12:00:00 AM,24655,10935,13720
1/31/2024 12:00:00 AM,3/20/2024 12:00:00 AM,24104,10935,13169
1/31/2024 12:00:00 AM,3/21/2024 12:00:00 AM,23545,10858,12687
1/31/2024 12:00:00 AM,3/22/2024 12:00:00 AM,23955,10905,13050
1/31/2024 12:00:00 AM,3/23/2024 12:00:00 AM,26373,11145,15228
1/31/2024 12:00:00 AM,3/24/2024 12:00:00 AM,27051,11945,15106
1/31/2024 12:00:00 AM,3/25/2024 12:00:00 AM,27521,12034,15487
1/31/2024 12:00:00 AM,3/26/2024 12:00:00 AM,27351,12028,15323
1/31/2024 12:00:00 AM,3/27/2024 12:00:00 AM,26517,11284,15233
1/31/2024 12:00:00 AM,3/28/2024 12:00:00 AM,26429,11205,15224
1/31/2024 12:00:00 AM,3/29/2024 12:00:00 AM,25521,9729,15792
1/31/2024 12:00:00 AM,3/30/2024 12:00:00 AM,28904,11752,17152
1/31/2024 12:00:00 AM,3/31/2024 12:00:00 AM,30338,12992,17346
1/31/2024 12:00:00 AM,4/1/2024 12:00:00 AM,30951,13673,17278
1/31/2024 12:00:00 AM,4/2/2024 12:00:00 AM,29974,13771,16203
1/31/2024 12:00:00 AM,4/3/2024 12:00:00 AM,30529,13675,16854
1/31/2024 12:00:00 AM,4/4/2024 12:00:00 AM,31301,13759,17542
1/31/2024 12:00:00 AM,4/5/2024 12:00:00 AM,31598,14038,17560
1/31/2024 12:00:00 AM,4/6/2024 12:00:00 AM,38772,18402,20370
1/31/2024 12:00:00 AM,4/7/2024 12:00:00 AM,40161,19944,20217
1/31/2024 12:00:00 AM,4/8/2024 12:00:00 AM,39839,18245,21594
1/31/2024 12:00:00 AM,4/9/2024 12:00:00 AM,40454,18901,21553
1/31/2024 12:00:00 AM,4/10/2024 12:00:00 AM,41339,20385,20954
1/31/2024 12:00:00 AM,4/11/2024 12:00:00 AM,40529,20421,20108
1/31/2024 12:00:00 AM,4/12/2024 12:00:00 AM,43983,21045,22938
1/31/2024 12:00:00 AM,4/13/2024 12:00:00 AM,46681,23092,23589
1/31/2024 12:00:00 AM,4/14/2024 12:00:00 AM,47389,24353,23036
1/31/2024 12:00:00 AM,4/15/2024 12:00:00 AM,47564,24939,22625
1/31/2024 12:00:00 AM,4/16/2024 12:00:00 AM,45173,25105,20068
1/31/2024 12:00:00 AM,4/17/2024 12:00:00 AM,43544,25043,18501
1/31/2024 12:00:00 AM,4/18/2024 12:00:00 AM,42639,24138,18501
1/31/2024 12:00:00 AM,4/19/2024 12:00:00 AM,42120,22899,19221
1/31/2024 12:00:00 AM,4/20/2024 12:00:00 AM,43691,22713,20978
1/31/2024 12:00:00 AM,4/21/2024 12:00:00 AM,42564,22136,20428
1/31/2024 12:00:00 AM,4/22/2024 12:00:00 AM,40915,21718,19197
1/31/2024 12:00:00 AM,4/23/2024 12:00:00 AM,34542,16436,18106
1/31/2024 12:00:00 AM,4/24/2024 12:00:00 AM,33680,15681,17999
1/31/2024 12:00:00 AM,4/25/2024 12:00:00 AM,33891,16423,17468
1/31/2024 12:00:00 AM,4/26/2024 12:00:00 AM,33848,16095,17753
1/31/2024 12:00:00 AM,4/27/2024 12:00:00 AM,36687,18220,18467
1/31/2024 12:00:00 AM,4/28/2024 12:00:00 AM,35874,16985,18889
1/31/2024 12:00:00 AM,4/29/2024 12:00:00 AM,33657,15602,18055
1/31/2024 12:00:00 AM,4/30/2024 12:00:00 AM,31349,14882,16467
1/31/2024 12:00:00 AM,5/1/2024 12:00:00 AM,30494,15227,15267
1/30/2024 12:00:00 AM,1/31/2024 12:00:00 AM,1719,115,1604
1/30/2024 12:00:00 AM,2/1/2024 12:00:00 AM,1719,115,1604
1/30/2024 12:00:00 AM,2/2/2024 12:00:00 AM,1719,118,1601
1/30/2024 12:00:00 AM,2/3/2024 12:00:00 AM,1719,118,1601
1/30/2024 12:00:00 AM,2/4/2024 12:00:00 AM,1719,118,1601
1/30/2024 12:00:00 AM,2/5/2024 12:00:00 AM,1643,26,1617
1/30/2024 12:00:00 AM,2/6/2024 12:00:00 AM,1640,23,1617
1/30/2024 12:00:00 AM,2/7/2024 12:00:00 AM,1640,23,1617
1/30/2024 12:00:00 AM,2/8/2024 12:00:00 AM,1640,23,1617
1/30/2024 12:00:00 AM,2/9/2024 12:00:00 AM,1640,26,1614
1/30/2024 12:00:00 AM,2/10/2024 12:00:00 AM,1595,26,1569
1/30/2024 12:00:00 AM,2/11/2024 12:00:00 AM,2097,26,2071
1/30/2024 12:00:00 AM,2/12/2024 12:00:00 AM,3089,26,3063
1/30/2024 12:00:00 AM,2/13/2024 12:00:00 AM,3086,23,3063
1/30/2024 12:00:00 AM,2/14/2024 12:00:00 AM,3086,23,3063
1/30/2024 12:00:00 AM,2/15/2024 12:00:00 AM,3086,23,3063
1/30/2024 12:00:00 AM,2/16/2024 12:00:00 AM,2919,26,2893
1/30/2024 12:00:00 AM,2/17/2024 12:00:00 AM,3131,251,2880
1/30/2024 12:00:00 AM,2/18/2024 12:00:00 AM,3131,251,2880
1/30/2024 12:00:00 AM,2/19/2024 12:00:00 AM,4375,1432,2943
1/30/2024 12:00:00 AM,2/20/2024 12:00:00 AM,5064,2121,2943
1/30/2024 12:00:00 AM,2/21/2024 12:00:00 AM,5106,2121,2985
1/30/2024 12:00:00 AM,2/22/2024 12:00:00 AM,5064,2121,2943
1/30/2024 12:00:00 AM,2/23/2024 12:00:00 AM,6219,2309,3910
1/30/2024 12:00:00 AM,2/24/2024 12:00:00 AM,7495,2309,5186
1/30/2024 12:00:00 AM,2/25/2024 12:00:00 AM,7505,2319,5186
1/30/2024 12:00:00 AM,2/26/2024 12:00:00 AM,7663,2319,5344
1/30/2024 12:00:00 AM,2/27/2024 12:00:00 AM,7635,2316,5319
1/30/2024 12:00:00 AM,2/28/2024 12:00:00 AM,7635,2316,5319
1/30/2024 12:00:00 AM,2/29/2024 12:00:00 AM,7635,2316,5319
1/30/2024 12:00:00 AM,3/1/2024 12:00:00 AM,10005,3745,6260
1/30/2024 12:00:00 AM,3/2/2024 12:00:00 AM,10899,3952,6947
1/30/2024 12:00:00 AM,3/3/2024 12:00:00 AM,12919,4892,8027
1/30/2024 12:00:00 AM,3/4/2024 12:00:00 AM,15374,4892,10482
1/30/2024 12:00:00 AM,3/5/2024 12:00:00 AM,15401,4919,10482
1/30/2024 12:00:00 AM,3/6/2024 12:00:00 AM,15400,5679,9721
1/30/2024 12:00:00 AM,3/7/2024 12:00:00 AM,15400,5679,9721
1/30/2024 12:00:00 AM,3/8/2024 12:00:00 AM,15604,5832,9772
1/30/2024 12:00:00 AM,3/9/2024 12:00:00 AM,19525,9148,10377
1/30/2024 12:00:00 AM,3/10/2024 12:00:00 AM,19636,8785,10851
1/30/2024 12:00:00 AM,3/11/2024 12:00:00 AM,19961,8785,11176
1/30/2024 12:00:00 AM,3/12/2024 12:00:00 AM,20117,8941,11176
1/30/2024 12:00:00 AM,3/13/2024 12:00:00 AM,19935,8941,10994
1/30/2024 12:00:00 AM,3/14/2024 12:00:00 AM,19398,8782,10616
1/30/2024 12:00:00 AM,3/15/2024 12:00:00 AM,20270,9089,11181
1/30/2024 12:00:00 AM,3/16/2024 12:00:00 AM,23087,9904,13183
1/30/2024 12:00:00 AM,3/17/2024 12:00:00 AM,23484,10301,13183
1/30/2024 12:00:00 AM,3/18/2024 12:00:00 AM,24136,11141,12995
1/30/2024 12:00:00 AM,3/19/2024 12:00:00 AM,24153,10935,13218
1/30/2024 12:00:00 AM,3/20/2024 12:00:00 AM,23602,10935,12667
1/30/2024 12:00:00 AM,3/21/2024 12:00:00 AM,23043,10858,12185
1/30/2024 12:00:00 AM,3/22/2024 12:00:00 AM,23453,10905,12548
1/30/2024 12:00:00 AM,3/23/2024 12:00:00 AM,25871,11145,14726
1/30/2024 12:00:00 AM,3/24/2024 12:00:00 AM,27051,11945,15106
1/30/2024 12:00:00 AM,3/25/2024 12:00:00 AM,27521,12034,15487
1/30/2024 12:00:00 AM,3/26/2024 12:00:00 AM,27351,12028,15323
1/30/2024 12:00:00 AM,3/27/2024 12:00:00 AM,26411,11178,15233
1/30/2024 12:00:00 AM,3/28/2024 12:00:00 AM,26217,10993,15224
1/30/2024 12:00:00 AM,3/29/2024 12:00:00 AM,25203,9411,15792
1/30/2024 12:00:00 AM,3/30/2024 12:00:00 AM,28586,11434,17152
1/30/2024 12:00:00 AM,3/31/2024 12:00:00 AM,30020,12674,17346
1/30/2024 12:00:00 AM,4/1/2024 12:00:00 AM,30633,13355,17278
1/30/2024 12:00:00 AM,4/2/2024 12:00:00 AM,29656,13453,16203
1/30/2024 12:00:00 AM,4/3/2024 12:00:00 AM,30211,13357,16854
1/30/2024 12:00:00 AM,4/4/2024 12:00:00 AM,30879,13337,17542
1/30/2024 12:00:00 AM,4/5/2024 12:00:00 AM,31176,13616,17560
1/30/2024 12:00:00 AM,4/6/2024 12:00:00 AM,38350,17980,20370
1/30/2024 12:00:00 AM,4/7/2024 12:00:00 AM,40057,19840,20217
1/30/2024 12:00:00 AM,4/8/2024 12:00:00 AM,39835,18241,21594
1/30/2024 12:00:00 AM,4/9/2024 12:00:00 AM,40450,18897,21553
1/30/2024 12:00:00 AM,4/10/2024 12:00:00 AM,41335,20381,20954
1/30/2024 12:00:00 AM,4/11/2024 12:00:00 AM,40525,20417,20108
1/30/2024 12:00:00 AM,4/12/2024 12:00:00 AM,43979,21041,22938
1/30/2024 12:00:00 AM,4/13/2024 12:00:00 AM,46677,23088,23589
1/30/2024 12:00:00 AM,4/14/2024 12:00:00 AM,47389,24353,23036
1/30/2024 12:00:00 AM,4/15/2024 12:00:00 AM,47564,24939,22625
1/30/2024 12:00:00 AM,4/16/2024 12:00:00 AM,45173,25105,20068
1/30/2024 12:00:00 AM,4/17/2024 12:00:00 AM,43544,25043,18501
1/30/2024 12:00:00 AM,4/18/2024 12:00:00 AM,42639,24138,18501
1/30/2024 12:00:00 AM,4/19/2024 12:00:00 AM,42120,22899,19221
1/30/2024 12:00:00 AM,4/20/2024 12:00:00 AM,43691,22713,20978
1/30/2024 12:00:00 AM,4/21/2024 12:00:00 AM,42564,22136,20428
1/30/2024 12:00:00 AM,4/22/2024 12:00:00 AM,40915,21718,19197
1/30/2024 12:00:00 AM,4/23/2024 12:00:00 AM,34542,16436,18106
1/30/2024 12:00:00 AM,4/24/2024 12:00:00 AM,33680,15681,17999
1/30/2024 12:00:00 AM,4/25/2024 12:00:00 AM,33891,16423,17468
1/30/2024 12:00:00 AM,4/26/2024 12:00:00 AM,33848,16095,17753
1/30/2024 12:00:00 AM,4/27/2024 12:00:00 AM,36687,18220,18467
1/30/2024 12:00:00 AM,4/28/2024 12:00:00 AM,35874,16985,18889
1/30/2024 12:00:00 AM,4/29/2024 12:00:00 AM,33657,15602,18055
1/30/2024 12:00:00 AM,4/30/2024 12:00:00 AM,31349,14882,16467
1/29/2024 12:00:00 AM,1/30/2024 12:00:00 AM,1567,115,1452
1/29/2024 12:00:00 AM,1/31/2024 12:00:00 AM,1719,115,1604
1/29/2024 12:00:00 AM,2/1/2024 12:00:00 AM,1719,115,1604
1/29/2024 12:00:00 AM,2/2/2024 12:00:00 AM,1719,118,1601
1/29/2024 12:00:00 AM,2/3/2024 12:00:00 AM,1719,118,1601
1/29/2024 12:00:00 AM,2/4/2024 12:00:00 AM,1719,118,1601
1/29/2024 12:00:00 AM,2/5/2024 12:00:00 AM,1960,26,1934
1/29/2024 12:00:00 AM,2/6/2024 12:00:00 AM,1957,23,1934
1/29/2024 12:00:00 AM,2/7/2024 12:00:00 AM,1957,23,1934
1/29/2024 12:00:00 AM,2/8/2024 12:00:00 AM,1957,23,1934
1/29/2024 12:00:00 AM,2/9/2024 12:00:00 AM,1942,26,1916
1/29/2024 12:00:00 AM,2/10/2024 12:00:00 AM,1897,26,1871
1/29/2024 12:00:00 AM,2/11/2024 12:00:00 AM,2399,26,2373
1/29/2024 12:00:00 AM,2/12/2024 12:00:00 AM,3391,26,3365
1/29/2024 12:00:00 AM,2/13/2024 12:00:00 AM,3388,23,3365
1/29/2024 12:00:00 AM,2/14/2024 12:00:00 AM,3388,23,3365
1/29/2024 12:00:00 AM,2/15/2024 12:00:00 AM,3388,23,3365
1/29/2024 12:00:00 AM,2/16/2024 12:00:00 AM,3221,26,3195
1/29/2024 12:00:00 AM,2/17/2024 12:00:00 AM,3433,251,3182
1/29/2024 12:00:00 AM,2/18/2024 12:00:00 AM,3433,251,3182
1/29/2024 12:00:00 AM,2/19/2024 12:00:00 AM,4677,1432,3245
1/29/2024 12:00:00 AM,2/20/2024 12:00:00 AM,5910,2121,3789
1/29/2024 12:00:00 AM,2/21/2024 12:00:00 AM,5952,2121,3831
1/29/2024 12:00:00 AM,2/22/2024 12:00:00 AM,5910,2121,3789
1/29/2024 12:00:00 AM,2/23/2024 12:00:00 AM,6219,2309,3910
1/29/2024 12:00:00 AM,2/24/2024 12:00:00 AM,7495,2309,5186
1/29/2024 12:00:00 AM,2/25/2024 12:00:00 AM,7505,2319,5186
1/29/2024 12:00:00 AM,2/26/2024 12:00:00 AM,7663,2319,5344
1/29/2024 12:00:00 AM,2/27/2024 12:00:00 AM,7635,2316,5319
1/29/2024 12:00:00 AM,2/28/2024 12:00:00 AM,7635,2316,5319
1/29/2024 12:00:00 AM,2/29/2024 12:00:00 AM,7635,2316,5319
1/29/2024 12:00:00 AM,3/1/2024 12:00:00 AM,8920,2660,6260
1/29/2024 12:00:00 AM,3/2/2024 12:00:00 AM,9067,2687,6380
1/29/2024 12:00:00 AM,3/3/2024 12:00:00 AM,10765,3807,6958
1/29/2024 12:00:00 AM,3/4/2024 12:00:00 AM,12918,3807,9111
1/29/2024 12:00:00 AM,3/5/2024 12:00:00 AM,12945,3834,9111
1/29/2024 12:00:00 AM,3/6/2024 12:00:00 AM,12944,4594,8350
1/29/2024 12:00:00 AM,3/7/2024 12:00:00 AM,12944,4594,8350
1/29/2024 12:00:00 AM,3/8/2024 12:00:00 AM,13148,4747,8401
1/29/2024 12:00:00 AM,3/9/2024 12:00:00 AM,17069,8063,9006
1/29/2024 12:00:00 AM,3/10/2024 12:00:00 AM,17682,7700,9982
1/29/2024 12:00:00 AM,3/11/2024 12:00:00 AM,18007,7700,10307
1/29/2024 12:00:00 AM,3/12/2024 12:00:00 AM,18004,7697,10307
1/29/2024 12:00:00 AM,3/13/2024 12:00:00 AM,17822,7697,10125
1/29/2024 12:00:00 AM,3/14/2024 12:00:00 AM,17444,7697,9747
1/29/2024 12:00:00 AM,3/15/2024 12:00:00 AM,17814,8004,9810
1/29/2024 12:00:00 AM,3/16/2024 12:00:00 AM,20064,8819,11245
1/29/2024 12:00:00 AM,3/17/2024 12:00:00 AM,21468,9216,12252
1/29/2024 12:00:00 AM,3/18/2024 12:00:00 AM,22504,10056,12448
1/29/2024 12:00:00 AM,3/19/2024 12:00:00 AM,22016,9850,12166
1/29/2024 12:00:00 AM,3/20/2024 12:00:00 AM,21465,9850,11615
1/29/2024 12:00:00 AM,3/21/2024 12:00:00 AM,20906,9773,11133
1/29/2024 12:00:00 AM,3/22/2024 12:00:00 AM,21316,9820,11496
1/29/2024 12:00:00 AM,3/23/2024 12:00:00 AM,24819,11145,13674
1/29/2024 12:00:00 AM,3/24/2024 12:00:00 AM,25999,11945,14054
1/29/2024 12:00:00 AM,3/25/2024 12:00:00 AM,26469,12034,14435
1/29/2024 12:00:00 AM,3/26/2024 12:00:00 AM,26299,12028,14271
1/29/2024 12:00:00 AM,3/27/2024 12:00:00 AM,25359,11178,14181
1/29/2024 12:00:00 AM,3/28/2024 12:00:00 AM,25165,10993,14172
1/29/2024 12:00:00 AM,3/29/2024 12:00:00 AM,24151,9411,14740
1/29/2024 12:00:00 AM,3/30/2024 12:00:00 AM,27032,11434,15598
1/29/2024 12:00:00 AM,3/31/2024 12:00:00 AM,28466,12674,15792
1/29/2024 12:00:00 AM,4/1/2024 12:00:00 AM,29646,13355,16291
1/29/2024 12:00:00 AM,4/2/2024 12:00:00 AM,28669,13453,15216
1/29/2024 12:00:00 AM,4/3/2024 12:00:00 AM,29224,13357,15867
1/29/2024 12:00:00 AM,4/4/2024 12:00:00 AM,29348,13337,16011
1/29/2024 12:00:00 AM,4/5/2024 12:00:00 AM,29518,13616,15902
1/29/2024 12:00:00 AM,4/6/2024 12:00:00 AM,36512,17800,18712
1/29/2024 12:00:00 AM,4/7/2024 12:00:00 AM,39567,19660,19907
1/29/2024 12:00:00 AM,4/8/2024 12:00:00 AM,39345,18061,21284
1/29/2024 12:00:00 AM,4/9/2024 12:00:00 AM,39960,18717,21243
1/29/2024 12:00:00 AM,4/10/2024 12:00:00 AM,40845,20201,20644
1/29/2024 12:00:00 AM,4/11/2024 12:00:00 AM,40035,20237,19798
1/29/2024 12:00:00 AM,4/12/2024 12:00:00 AM,43489,20861,22628
1/29/2024 12:00:00 AM,4/13/2024 12:00:00 AM,46187,22908,23279
1/29/2024 12:00:00 AM,4/14/2024 12:00:00 AM,46899,24173,22726
1/29/2024 12:00:00 AM,4/15/2024 12:00:00 AM,47254,24939,22315
1/29/2024 12:00:00 AM,4/16/2024 12:00:00 AM,44863,25105,19758
1/29/2024 12:00:00 AM,4/17/2024 12:00:00 AM,43417,25043,18374
1/29/2024 12:00:00 AM,4/18/2024 12:00:00 AM,42512,24138,18374
1/29/2024 12:00:00 AM,4/19/2024 12:00:00 AM,41993,22899,19094
1/29/2024 12:00:00 AM,4/20/2024 12:00:00 AM,43380,22529,20851
1/29/2024 12:00:00 AM,4/21/2024 12:00:00 AM,42253,21952,20301
1/29/2024 12:00:00 AM,4/22/2024 12:00:00 AM,40604,21534,19070
1/29/2024 12:00:00 AM,4/23/2024 12:00:00 AM,34231,16252,17979
1/29/2024 12:00:00 AM,4/24/2024 12:00:00 AM,33369,15497,17872
1/29/2024 12:00:00 AM,4/25/2024 12:00:00 AM,33580,16239,17341
1/29/2024 12:00:00 AM,4/26/2024 12:00:00 AM,33537,15911,17626
1/29/2024 12:00:00 AM,4/27/2024 12:00:00 AM,36376,18036,18340
1/29/2024 12:00:00 AM,4/28/2024 12:00:00 AM,34400,16618,17782
1/29/2024 12:00:00 AM,4/29/2024 12:00:00 AM,32367,15419,16948
1/28/2024 12:00:00 AM,1/29/2024 12:00:00 AM,1570,118,1452
1/28/2024 12:00:00 AM,1/30/2024 12:00:00 AM,1567,115,1452
1/28/2024 12:00:00 AM,1/31/2024 12:00:00 AM,1719,115,1604
1/28/2024 12:00:00 AM,2/1/2024 12:00:00 AM,1719,115,1604
1/28/2024 12:00:00 AM,2/2/2024 12:00:00 AM,1719,118,1601
1/28/2024 12:00:00 AM,2/3/2024 12:00:00 AM,1719,118,1601
1/28/2024 12:00:00 AM,2/4/2024 12:00:00 AM,1719,118,1601
1/28/2024 12:00:00 AM,2/5/2024 12:00:00 AM,1960,26,1934
1/28/2024 12:00:00 AM,2/6/2024 12:00:00 AM,1957,23,1934
1/28/2024 12:00:00 AM,2/7/2024 12:00:00 AM,1957,23,1934
1/28/2024 12:00:00 AM,2/8/2024 12:00:00 AM,1957,23,1934
1/28/2024 12:00:00 AM,2/9/2024 12:00:00 AM,1942,26,1916
1/28/2024 12:00:00 AM,2/10/2024 12:00:00 AM,1897,26,1871
1/28/2024 12:00:00 AM,2/11/2024 12:00:00 AM,2399,26,2373
1/28/2024 12:00:00 AM,2/12/2024 12:00:00 AM,3391,26,3365
1/28/2024 12:00:00 AM,2/13/2024 12:00:00 AM,3388,23,3365
1/28/2024 12:00:00 AM,2/14/2024 12:00:00 AM,3388,23,3365
1/28/2024 12:00:00 AM,2/15/2024 12:00:00 AM,3388,23,3365
1/28/2024 12:00:00 AM,2/16/2024 12:00:00 AM,3221,26,3195
1/28/2024 12:00:00 AM,2/17/2024 12:00:00 AM,3433,251,3182
1/28/2024 12:00:00 AM,2/18/2024 12:00:00 AM,3433,251,3182
1/28/2024 12:00:00 AM,2/19/2024 12:00:00 AM,4677,1432,3245
1/28/2024 12:00:00 AM,2/20/2024 12:00:00 AM,5910,2121,3789
1/28/2024 12:00:00 AM,2/21/2024 12:00:00 AM,5952,2121,3831
1/28/2024 12:00:00 AM,2/22/2024 12:00:00 AM,5910,2121,3789
1/28/2024 12:00:00 AM,2/23/2024 12:00:00 AM,6219,2309,3910
1/28/2024 12:00:00 AM,2/24/2024 12:00:00 AM,7495,2309,5186
1/28/2024 12:00:00 AM,2/25/2024 12:00:00 AM,7505,2319,5186
1/28/2024 12:00:00 AM,2/26/2024 12:00:00 AM,7663,2319,5344
1/28/2024 12:00:00 AM,2/27/2024 12:00:00 AM,7635,2316,5319
1/28/2024 12:00:00 AM,2/28/2024 12:00:00 AM,7635,2316,5319
1/28/2024 12:00:00 AM,2/29/2024 12:00:00 AM,7635,2316,5319
1/28/2024 12:00:00 AM,3/1/2024 12:00:00 AM,8920,2660,6260
1/28/2024 12:00:00 AM,3/2/2024 12:00:00 AM,9067,2687,6380
1/28/2024 12:00:00 AM,3/3/2024 12:00:00 AM,10765,3807,6958
1/28/2024 12:00:00 AM,3/4/2024 12:00:00 AM,12918,3807,9111
1/28/2024 12:00:00 AM,3/5/2024 12:00:00 AM,12945,3834,9111
1/28/2024 12:00:00 AM,3/6/2024 12:00:00 AM,12944,4594,8350
1/28/2024 12:00:00 AM,3/7/2024 12:00:00 AM,12944,4594,8350
1/28/2024 12:00:00 AM,3/8/2024 12:00:00 AM,13148,4747,8401
1/28/2024 12:00:00 AM,3/9/2024 12:00:00 AM,17069,8063,9006
1/28/2024 12:00:00 AM,3/10/2024 12:00:00 AM,17682,7700,9982
1/28/2024 12:00:00 AM,3/11/2024 12:00:00 AM,18007,7700,10307
1/28/2024 12:00:00 AM,3/12/2024 12:00:00 AM,18004,7697,10307
1/28/2024 12:00:00 AM,3/13/2024 12:00:00 AM,17822,7697,10125
1/28/2024 12:00:00 AM,3/14/2024 12:00:00 AM,17444,7697,9747
1/28/2024 12:00:00 AM,3/15/2024 12:00:00 AM,17814,8004,9810
1/28/2024 12:00:00 AM,3/16/2024 12:00:00 AM,20064,8819,11245
1/28/2024 12:00:00 AM,3/17/2024 12:00:00 AM,21468,9216,12252
1/28/2024 12:00:00 AM,3/18/2024 12:00:00 AM,22504,10056,12448
1/28/2024 12:00:00 AM,3/19/2024 12:00:00 AM,22016,9850,12166
1/28/2024 12:00:00 AM,3/20/2024 12:00:00 AM,21465,9850,11615
1/28/2024 12:00:00 AM,3/21/2024 12:00:00 AM,20906,9773,11133
1/28/2024 12:00:00 AM,3/22/2024 12:00:00 AM,21316,9820,11496
1/28/2024 12:00:00 AM,3/23/2024 12:00:00 AM,24819,11145,13674
1/28/2024 12:00:00 AM,3/24/2024 12:00:00 AM,25999,11945,14054
1/28/2024 12:00:00 AM,3/25/2024 12:00:00 AM,26469,12034,14435
1/28/2024 12:00:00 AM,3/26/2024 12:00:00 AM,26299,12028,14271
1/28/2024 12:00:00 AM,3/27/2024 12:00:00 AM,25359,11178,14181
1/28/2024 12:00:00 AM,3/28/2024 12:00:00 AM,25165,10993,14172
1/28/2024 12:00:00 AM,3/29/2024 12:00:00 AM,24151,9411,14740
1/28/2024 12:00:00 AM,3/30/2024 12:00:00 AM,27032,11434,15598
1/28/2024 12:00:00 AM,3/31/2024 12:00:00 AM,28466,12674,15792
1/28/2024 12:00:00 AM,4/1/2024 12:00:00 AM,29646,13355,16291
1/28/2024 12:00:00 AM,4/2/2024 12:00:00 AM,28669,13453,15216
1/28/2024 12:00:00 AM,4/3/2024 12:00:00 AM,29224,13357,15867
1/28/2024 12:00:00 AM,4/4/2024 12:00:00 AM,29348,13337,16011
1/28/2024 12:00:00 AM,4/5/2024 12:00:00 AM,29518,13616,15902
1/28/2024 12:00:00 AM,4/6/2024 12:00:00 AM,36512,17800,18712
1/28/2024 12:00:00 AM,4/7/2024 12:00:00 AM,39567,19660,19907
1/28/2024 12:00:00 AM,4/8/2024 12:00:00 AM,39345,18061,21284
1/28/2024 12:00:00 AM,4/9/2024 12:00:00 AM,39960,18717,21243
1/28/2024 12:00:00 AM,4/10/2024 12:00:00 AM,40845,20201,20644
1/28/2024 12:00:00 AM,4/11/2024 12:00:00 AM,40035,20237,19798
1/28/2024 12:00:00 AM,4/12/2024 12:00:00 AM,43489,20861,22628
1/28/2024 12:00:00 AM,4/13/2024 12:00:00 AM,46187,22908,23279
1/28/2024 12:00:00 AM,4/14/2024 12:00:00 AM,46899,24173,22726
1/28/2024 12:00:00 AM,4/15/2024 12:00:00 AM,47254,24939,22315
1/28/2024 12:00:00 AM,4/16/2024 12:00:00 AM,44863,25105,19758
1/28/2024 12:00:00 AM,4/17/2024 12:00:00 AM,43417,25043,18374
1/28/2024 12:00:00 AM,4/18/2024 12:00:00 AM,42512,24138,18374
1/28/2024 12:00:00 AM,4/19/2024 12:00:00 AM,41993,22899,19094
1/28/2024 12:00:00 AM,4/20/2024 12:00:00 AM,43380,22529,20851
1/28/2024 12:00:00 AM,4/21/2024 12:00:00 AM,42253,21952,20301
1/28/2024 12:00:00 AM,4/22/2024 12:00:00 AM,40604,21534,19070
1/28/2024 12:00:00 AM,4/23/2024 12:00:00 AM,34231,16252,17979
1/28/2024 12:00:00 AM,4/24/2024 12:00:00 AM,33369,15497,17872
1/28/2024 12:00:00 AM,4/25/2024 12:00:00 AM,33580,16239,17341
1/28/2024 12:00:00 AM,4/26/2024 12:00:00 AM,33537,15911,17626
1/28/2024 12:00:00 AM,4/27/2024 12:00:00 AM,36376,18036,18340
1/28/2024 12:00:00 AM,4/28/2024 12:00:00 AM,34400,16618,17782
1/27/2024 12:00:00 AM,1/28/2024 12:00:00 AM,1522,118,1404
1/27/2024 12:00:00 AM,1/29/2024 12:00:00 AM,1570,118,1452
1/27/2024 12:00:00 AM,1/30/2024 12:00:00 AM,1567,115,1452
1/27/2024 12:00:00 AM,1/31/2024 12:00:00 AM,1719,115,1604
1/27/2024 12:00:00 AM,2/1/2024 12:00:00 AM,1719,115,1604
1/27/2024 12:00:00 AM,2/2/2024 12:00:00 AM,1719,118,1601
1/27/2024 12:00:00 AM,2/3/2024 12:00:00 AM,1719,118,1601
1/27/2024 12:00:00 AM,2/4/2024 12:00:00 AM,1719,118,1601
1/27/2024 12:00:00 AM,2/5/2024 12:00:00 AM,1960,26,1934
1/27/2024 12:00:00 AM,2/6/2024 12:00:00 AM,1957,23,1934
1/27/2024 12:00:00 AM,2/7/2024 12:00:00 AM,1957,23,1934
1/27/2024 12:00:00 AM,2/8/2024 12:00:00 AM,1957,23,1934
1/27/2024 12:00:00 AM,2/9/2024 12:00:00 AM,1942,26,1916
1/27/2024 12:00:00 AM,2/10/2024 12:00:00 AM,1897,26,1871
1/27/2024 12:00:00 AM,2/11/2024 12:00:00 AM,2399,26,2373
1/27/2024 12:00:00 AM,2/12/2024 12:00:00 AM,3391,26,3365
1/27/2024 12:00:00 AM,2/13/2024 12:00:00 AM,3388,23,3365
1/27/2024 12:00:00 AM,2/14/2024 12:00:00 AM,3388,23,3365
1/27/2024 12:00:00 AM,2/15/2024 12:00:00 AM,3388,23,3365
1/27/2024 12:00:00 AM,2/16/2024 12:00:00 AM,3221,26,3195
1/27/2024 12:00:00 AM,2/17/2024 12:00:00 AM,3433,251,3182
1/27/2024 12:00:00 AM,2/18/2024 12:00:00 AM,3433,251,3182
1/27/2024 12:00:00 AM,2/19/2024 12:00:00 AM,4677,1432,3245
1/27/2024 12:00:00 AM,2/20/2024 12:00:00 AM,5910,2121,3789
1/27/2024 12:00:00 AM,2/21/2024 12:00:00 AM,5952,2121,3831
1/27/2024 12:00:00 AM,2/22/2024 12:00:00 AM,5910,2121,3789
1/27/2024 12:00:00 AM,2/23/2024 12:00:00 AM,6219,2309,3910
1/27/2024 12:00:00 AM,2/24/2024 12:00:00 AM,7495,2309,5186
1/27/2024 12:00:00 AM,2/25/2024 12:00:00 AM,7505,2319,5186
1/27/2024 12:00:00 AM,2/26/2024 12:00:00 AM,7663,2319,5344
1/27/2024 12:00:00 AM,2/27/2024 12:00:00 AM,7635,2316,5319
1/27/2024 12:00:00 AM,2/28/2024 12:00:00 AM,7635,2316,5319
1/27/2024 12:00:00 AM,2/29/2024 12:00:00 AM,7635,2316,5319
1/27/2024 12:00:00 AM,3/1/2024 12:00:00 AM,8920,2660,6260
1/27/2024 12:00:00 AM,3/2/2024 12:00:00 AM,9067,2687,6380
1/27/2024 12:00:00 AM,3/3/2024 12:00:00 AM,10765,3807,6958
1/27/2024 12:00:00 AM,3/4/2024 12:00:00 AM,12918,3807,9111
1/27/2024 12:00:00 AM,3/5/2024 12:00:00 AM,12945,3834,9111
1/27/2024 12:00:00 AM,3/6/2024 12:00:00 AM,12944,4594,8350
1/27/2024 12:00:00 AM,3/7/2024 12:00:00 AM,12944,4594,8350
1/27/2024 12:00:00 AM,3/8/2024 12:00:00 AM,13148,4747,8401
1/27/2024 12:00:00 AM,3/9/2024 12:00:00 AM,17069,8063,9006
1/27/2024 12:00:00 AM,3/10/2024 12:00:00 AM,17682,7700,9982
1/27/2024 12:00:00 AM,3/11/2024 12:00:00 AM,18007,7700,10307
1/27/2024 12:00:00 AM,3/12/2024 12:00:00 AM,18004,7697,10307
1/27/2024 12:00:00 AM,3/13/2024 12:00:00 AM,17822,7697,10125
1/27/2024 12:00:00 AM,3/14/2024 12:00:00 AM,17444,7697,9747
1/27/2024 12:00:00 AM,3/15/2024 12:00:00 AM,17814,8004,9810
1/27/2024 12:00:00 AM,3/16/2024 12:00:00 AM,20064,8819,11245
1/27/2024 12:00:00 AM,3/17/2024 12:00:00 AM,21468,9216,12252
1/27/2024 12:00:00 AM,3/18/2024 12:00:00 AM,22504,10056,12448
1/27/2024 12:00:00 AM,3/19/2024 12:00:00 AM,22016,9850,12166
1/27/2024 12:00:00 AM,3/20/2024 12:00:00 AM,21465,9850,11615
1/27/2024 12:00:00 AM,3/21/2024 12:00:00 AM,20906,9773,11133
1/27/2024 12:00:00 AM,3/22/2024 12:00:00 AM,21316,9820,11496
1/27/2024 12:00:00 AM,3/23/2024 12:00:00 AM,24819,11145,13674
1/27/2024 12:00:00 AM,3/24/2024 12:00:00 AM,25999,11945,14054
1/27/2024 12:00:00 AM,3/25/2024 12:00:00 AM,26469,12034,14435
1/27/2024 12:00:00 AM,3/26/2024 12:00:00 AM,26299,12028,14271
1/27/2024 12:00:00 AM,3/27/2024 12:00:00 AM,25359,11178,14181
1/27/2024 12:00:00 AM,3/28/2024 12:00:00 AM,25165,10993,14172
1/27/2024 12:00:00 AM,3/29/2024 12:00:00 AM,24151,9411,14740
1/27/2024 12:00:00 AM,3/30/2024 12:00:00 AM,27032,11434,15598
1/27/2024 12:00:00 AM,3/31/2024 12:00:00 AM,28466,12674,15792
1/27/2024 12:00:00 AM,4/1/2024 12:00:00 AM,29646,13355,16291
1/27/2024 12:00:00 AM,4/2/2024 12:00:00 AM,28669,13453,15216
1/27/2024 12:00:00 AM,4/3/2024 12:00:00 AM,29224,13357,15867
1/27/2024 12:00:00 AM,4/4/2024 12:00:00 AM,29348,13337,16011
1/27/2024 12:00:00 AM,4/5/2024 12:00:00 AM,29518,13616,15902
1/27/2024 12:00:00 AM,4/6/2024 12:00:00 AM,36512,17800,18712
1/27/2024 12:00:00 AM,4/7/2024 12:00:00 AM,39567,19660,19907
1/27/2024 12:00:00 AM,4/8/2024 12:00:00 AM,39345,18061,21284
1/27/2024 12:00:00 AM,4/9/2024 12:00:00 AM,39960,18717,21243
1/27/2024 12:00:00 AM,4/10/2024 12:00:00 AM,40845,20201,20644
1/27/2024 12:00:00 AM,4/11/2024 12:00:00 AM,40035,20237,19798
1/27/2024 12:00:00 AM,4/12/2024 12:00:00 AM,43489,20861,22628
1/27/2024 12:00:00 AM,4/13/2024 12:00:00 AM,46187,22908,23279
1/27/2024 12:00:00 AM,4/14/2024 12:00:00 AM,46899,24173,22726
1/27/2024 12:00:00 AM,4/15/2024 12:00:00 AM,47254,24939,22315
1/27/2024 12:00:00 AM,4/16/2024 12:00:00 AM,44863,25105,19758
1/27/2024 12:00:00 AM,4/17/2024 12:00:00 AM,43417,25043,18374
1/27/2024 12:00:00 AM,4/18/2024 12:00:00 AM,42512,24138,18374
1/27/2024 12:00:00 AM,4/19/2024 12:00:00 AM,41993,22899,19094
1/27/2024 12:00:00 AM,4/20/2024 12:00:00 AM,43380,22529,20851
1/27/2024 12:00:00 AM,4/21/2024 12:00:00 AM,42253,21952,20301
1/27/2024 12:00:00 AM,4/22/2024 12:00:00 AM,40604,21534,19070
1/27/2024 12:00:00 AM,4/23/2024 12:00:00 AM,34231,16252,17979
1/27/2024 12:00:00 AM,4/24/2024 12:00:00 AM,33369,15497,17872
1/27/2024 12:00:00 AM,4/25/2024 12:00:00 AM,33580,16239,17341
1/27/2024 12:00:00 AM,4/26/2024 12:00:00 AM,33537,15911,17626
1/27/2024 12:00:00 AM,4/27/2024 12:00:00 AM,36376,18036,18340
1/26/2024 12:00:00 AM,1/27/2024 12:00:00 AM,1522,118,1404
1/26/2024 12:00:00 AM,1/28/2024 12:00:00 AM,1522,118,1404
1/26/2024 12:00:00 AM,1/29/2024 12:00:00 AM,1570,118,1452
1/26/2024 12:00:00 AM,1/30/2024 12:00:00 AM,1567,115,1452
1/26/2024 12:00:00 AM,1/31/2024 12:00:00 AM,1719,115,1604
1/26/2024 12:00:00 AM,2/1/2024 12:00:00 AM,1719,115,1604
1/26/2024 12:00:00 AM,2/2/2024 12:00:00 AM,1719,118,1601
1/26/2024 12:00:00 AM,2/3/2024 12:00:00 AM,1719,118,1601
1/26/2024 12:00:00 AM,2/4/2024 12:00:00 AM,1719,118,1601
1/26/2024 12:00:00 AM,2/5/2024 12:00:00 AM,1960,26,1934
1/26/2024 12:00:00 AM,2/6/2024 12:00:00 AM,1957,23,1934
1/26/2024 12:00:00 AM,2/7/2024 12:00:00 AM,1957,23,1934
1/26/2024 12:00:00 AM,2/8/2024 12:00:00 AM,1957,23,1934
1/26/2024 12:00:00 AM,2/9/2024 12:00:00 AM,1942,26,1916
1/26/2024 12:00:00 AM,2/10/2024 12:00:00 AM,1897,26,1871
1/26/2024 12:00:00 AM,2/11/2024 12:00:00 AM,2399,26,2373
1/26/2024 12:00:00 AM,2/12/2024 12:00:00 AM,3391,26,3365
1/26/2024 12:00:00 AM,2/13/2024 12:00:00 AM,3388,23,3365
1/26/2024 12:00:00 AM,2/14/2024 12:00:00 AM,3388,23,3365
1/26/2024 12:00:00 AM,2/15/2024 12:00:00 AM,3388,23,3365
1/26/2024 12:00:00 AM,2/16/2024 12:00:00 AM,3221,26,3195
1/26/2024 12:00:00 AM,2/17/2024 12:00:00 AM,3433,251,3182
1/26/2024 12:00:00 AM,2/18/2024 12:00:00 AM,3433,251,3182
1/26/2024 12:00:00 AM,2/19/2024 12:00:00 AM,4677,1432,3245
1/26/2024 12:00:00 AM,2/20/2024 12:00:00 AM,5910,2121,3789
1/26/2024 12:00:00 AM,2/21/2024 12:00:00 AM,5952,2121,3831
1/26/2024 12:00:00 AM,2/22/2024 12:00:00 AM,6049,2121,3928
1/26/2024 12:00:00 AM,2/23/2024 12:00:00 AM,6219,2309,3910
1/26/2024 12:00:00 AM,2/24/2024 12:00:00 AM,7495,2309,5186
1/26/2024 12:00:00 AM,2/25/2024 12:00:00 AM,7505,2319,5186
1/26/2024 12:00:00 AM,2/26/2024 12:00:00 AM,7663,2319,5344
1/26/2024 12:00:00 AM,2/27/2024 12:00:00 AM,7635,2316,5319
1/26/2024 12:00:00 AM,2/28/2024 12:00:00 AM,7635,2316,5319
1/26/2024 12:00:00 AM,2/29/2024 12:00:00 AM,7635,2316,5319
1/26/2024 12:00:00 AM,3/1/2024 12:00:00 AM,8920,2660,6260
1/26/2024 12:00:00 AM,3/2/2024 12:00:00 AM,9067,2687,6380
1/26/2024 12:00:00 AM,3/3/2024 12:00:00 AM,10765,3807,6958
1/26/2024 12:00:00 AM,3/4/2024 12:00:00 AM,12705,3807,8898
1/26/2024 12:00:00 AM,3/5/2024 12:00:00 AM,12732,3834,8898
1/26/2024 12:00:00 AM,3/6/2024 12:00:00 AM,12731,4594,8137
1/26/2024 12:00:00 AM,3/7/2024 12:00:00 AM,12731,4594,8137
1/26/2024 12:00:00 AM,3/8/2024 12:00:00 AM,12935,4747,8188
1/26/2024 12:00:00 AM,3/9/2024 12:00:00 AM,16856,8063,8793
1/26/2024 12:00:00 AM,3/10/2024 12:00:00 AM,17469,7700,9769
1/26/2024 12:00:00 AM,3/11/2024 12:00:00 AM,17794,7700,10094
1/26/2024 12:00:00 AM,3/12/2024 12:00:00 AM,17791,7697,10094
1/26/2024 12:00:00 AM,3/13/2024 12:00:00 AM,17609,7697,9912
1/26/2024 12:00:00 AM,3/14/2024 12:00:00 AM,17231,7697,9534
1/26/2024 12:00:00 AM,3/15/2024 12:00:00 AM,17601,8004,9597
1/26/2024 12:00:00 AM,3/16/2024 12:00:00 AM,19851,8819,11032
1/26/2024 12:00:00 AM,3/17/2024 12:00:00 AM,21255,9216,12039
1/26/2024 12:00:00 AM,3/18/2024 12:00:00 AM,22291,10056,12235
1/26/2024 12:00:00 AM,3/19/2024 12:00:00 AM,21664,9850,11814
1/26/2024 12:00:00 AM,3/20/2024 12:00:00 AM,21252,9850,11402
1/26/2024 12:00:00 AM,3/21/2024 12:00:00 AM,20693,9773,10920
1/26/2024 12:00:00 AM,3/22/2024 12:00:00 AM,21103,9820,11283
1/26/2024 12:00:00 AM,3/23/2024 12:00:00 AM,24606,11145,13461
1/26/2024 12:00:00 AM,3/24/2024 12:00:00 AM,25786,11945,13841
1/26/2024 12:00:00 AM,3/25/2024 12:00:00 AM,26256,12034,14222
1/26/2024 12:00:00 AM,3/26/2024 12:00:00 AM,25939,11881,14058
1/26/2024 12:00:00 AM,3/27/2024 12:00:00 AM,24999,11031,13968
1/26/2024 12:00:00 AM,3/28/2024 12:00:00 AM,24805,10846,13959
1/26/2024 12:00:00 AM,3/29/2024 12:00:00 AM,23938,9411,14527
1/26/2024 12:00:00 AM,3/30/2024 12:00:00 AM,27032,11434,15598
1/26/2024 12:00:00 AM,3/31/2024 12:00:00 AM,28466,12674,15792
1/26/2024 12:00:00 AM,4/1/2024 12:00:00 AM,29646,13355,16291
1/26/2024 12:00:00 AM,4/2/2024 12:00:00 AM,28669,13453,15216
1/26/2024 12:00:00 AM,4/3/2024 12:00:00 AM,29224,13357,15867
1/26/2024 12:00:00 AM,4/4/2024 12:00:00 AM,29348,13337,16011
1/26/2024 12:00:00 AM,4/5/2024 12:00:00 AM,29518,13616,15902
1/26/2024 12:00:00 AM,4/6/2024 12:00:00 AM,36512,17800,18712
1/26/2024 12:00:00 AM,4/7/2024 12:00:00 AM,39567,19660,19907
1/26/2024 12:00:00 AM,4/8/2024 12:00:00 AM,39345,18061,21284
1/26/2024 12:00:00 AM,4/9/2024 12:00:00 AM,40105,18862,21243
1/26/2024 12:00:00 AM,4/10/2024 12:00:00 AM,40990,20346,20644
1/26/2024 12:00:00 AM,4/11/2024 12:00:00 AM,40180,20382,19798
1/26/2024 12:00:00 AM,4/12/2024 12:00:00 AM,43489,20861,22628
1/26/2024 12:00:00 AM,4/13/2024 12:00:00 AM,46187,22908,23279
1/26/2024 12:00:00 AM,4/14/2024 12:00:00 AM,46899,24173,22726
1/26/2024 12:00:00 AM,4/15/2024 12:00:00 AM,47254,24939,22315
1/26/2024 12:00:00 AM,4/16/2024 12:00:00 AM,44863,25105,19758
1/26/2024 12:00:00 AM,4/17/2024 12:00:00 AM,43417,25043,18374
1/26/2024 12:00:00 AM,4/18/2024 12:00:00 AM,42512,24138,18374
1/26/2024 12:00:00 AM,4/19/2024 12:00:00 AM,41993,22899,19094
1/26/2024 12:00:00 AM,4/20/2024 12:00:00 AM,43380,22529,20851
1/26/2024 12:00:00 AM,4/21/2024 12:00:00 AM,42253,21952,20301
1/26/2024 12:00:00 AM,4/22/2024 12:00:00 AM,40604,21534,19070
1/26/2024 12:00:00 AM,4/23/2024 12:00:00 AM,34231,16252,17979
1/26/2024 12:00:00 AM,4/24/2024 12:00:00 AM,33369,15497,17872
1/26/2024 12:00:00 AM,4/25/2024 12:00:00 AM,33580,16239,17341
1/26/2024 12:00:00 AM,4/26/2024 12:00:00 AM,33537,15911,17626
1/25/2024 12:00:00 AM,1/26/2024 12:00:00 AM,1522,118,1404
1/25/2024 12:00:00 AM,1/27/2024 12:00:00 AM,1522,118,1404
1/25/2024 12:00:00 AM,1/28/2024 12:00:00 AM,1522,118,1404
1/25/2024 12:00:00 AM,1/29/2024 12:00:00 AM,1570,118,1452
1/25/2024 12:00:00 AM,1/30/2024 12:00:00 AM,1567,115,1452
1/25/2024 12:00:00 AM,1/31/2024 12:00:00 AM,1719,115,1604
1/25/2024 12:00:00 AM,2/1/2024 12:00:00 AM,1719,115,1604
1/25/2024 12:00:00 AM,2/2/2024 12:00:00 AM,1719,118,1601
1/25/2024 12:00:00 AM,2/3/2024 12:00:00 AM,1719,118,1601
1/25/2024 12:00:00 AM,2/4/2024 12:00:00 AM,1719,118,1601
1/25/2024 12:00:00 AM,2/5/2024 12:00:00 AM,1960,26,1934
1/25/2024 12:00:00 AM,2/6/2024 12:00:00 AM,1957,23,1934
1/25/2024 12:00:00 AM,2/7/2024 12:00:00 AM,1957,23,1934
1/25/2024 12:00:00 AM,2/8/2024 12:00:00 AM,1957,23,1934
1/25/2024 12:00:00 AM,2/9/2024 12:00:00 AM,1942,26,1916
1/25/2024 12:00:00 AM,2/10/2024 12:00:00 AM,1897,26,1871
1/25/2024 12:00:00 AM,2/11/2024 12:00:00 AM,2399,26,2373
1/25/2024 12:00:00 AM,2/12/2024 12:00:00 AM,3391,26,3365
1/25/2024 12:00:00 AM,2/13/2024 12:00:00 AM,3388,23,3365
1/25/2024 12:00:00 AM,2/14/2024 12:00:00 AM,3388,23,3365
1/25/2024 12:00:00 AM,2/15/2024 12:00:00 AM,3388,23,3365
1/25/2024 12:00:00 AM,2/16/2024 12:00:00 AM,3221,26,3195
1/25/2024 12:00:00 AM,2/17/2024 12:00:00 AM,3433,251,3182
1/25/2024 12:00:00 AM,2/18/2024 12:00:00 AM,3433,251,3182
1/25/2024 12:00:00 AM,2/19/2024 12:00:00 AM,4677,1432,3245
1/25/2024 12:00:00 AM,2/20/2024 12:00:00 AM,5910,2121,3789
1/25/2024 12:00:00 AM,2/21/2024 12:00:00 AM,5952,2121,3831
1/25/2024 12:00:00 AM,2/22/2024 12:00:00 AM,6049,2121,3928
1/25/2024 12:00:00 AM,2/23/2024 12:00:00 AM,6219,2309,3910
1/25/2024 12:00:00 AM,2/24/2024 12:00:00 AM,7495,2309,5186
1/25/2024 12:00:00 AM,2/25/2024 12:00:00 AM,7505,2319,5186
1/25/2024 12:00:00 AM,2/26/2024 12:00:00 AM,7663,2319,5344
1/25/2024 12:00:00 AM,2/27/2024 12:00:00 AM,7635,2316,5319
1/25/2024 12:00:00 AM,2/28/2024 12:00:00 AM,7635,2316,5319
1/25/2024 12:00:00 AM,2/29/2024 12:00:00 AM,7635,2316,5319
1/25/2024 12:00:00 AM,3/1/2024 12:00:00 AM,8920,2660,6260
1/25/2024 12:00:00 AM,3/2/2024 12:00:00 AM,9067,2687,6380
1/25/2024 12:00:00 AM,3/3/2024 12:00:00 AM,10765,3807,6958
1/25/2024 12:00:00 AM,3/4/2024 12:00:00 AM,12705,3807,8898
1/25/2024 12:00:00 AM,3/5/2024 12:00:00 AM,12732,3834,8898
1/25/2024 12:00:00 AM,3/6/2024 12:00:00 AM,12731,4594,8137
1/25/2024 12:00:00 AM,3/7/2024 12:00:00 AM,12731,4594,8137
1/25/2024 12:00:00 AM,3/8/2024 12:00:00 AM,12935,4747,8188
1/25/2024 12:00:00 AM,3/9/2024 12:00:00 AM,16856,8063,8793
1/25/2024 12:00:00 AM,3/10/2024 12:00:00 AM,17469,7700,9769
1/25/2024 12:00:00 AM,3/11/2024 12:00:00 AM,17794,7700,10094
1/25/2024 12:00:00 AM,3/12/2024 12:00:00 AM,17791,7697,10094
1/25/2024 12:00:00 AM,3/13/2024 12:00:00 AM,17609,7697,9912
1/25/2024 12:00:00 AM,3/14/2024 12:00:00 AM,17231,7697,9534
1/25/2024 12:00:00 AM,3/15/2024 12:00:00 AM,17601,8004,9597
1/25/2024 12:00:00 AM,3/16/2024 12:00:00 AM,19851,8819,11032
1/25/2024 12:00:00 AM,3/17/2024 12:00:00 AM,21255,9216,12039
1/25/2024 12:00:00 AM,3/18/2024 12:00:00 AM,22291,10056,12235
1/25/2024 12:00:00 AM,3/19/2024 12:00:00 AM,21664,9850,11814
1/25/2024 12:00:00 AM,3/20/2024 12:00:00 AM,21252,9850,11402
1/25/2024 12:00:00 AM,3/21/2024 12:00:00 AM,20693,9773,10920
1/25/2024 12:00:00 AM,3/22/2024 12:00:00 AM,21103,9820,11283
1/25/2024 12:00:00 AM,3/23/2024 12:00:00 AM,24606,11145,13461
1/25/2024 12:00:00 AM,3/24/2024 12:00:00 AM,25786,11945,13841
1/25/2024 12:00:00 AM,3/25/2024 12:00:00 AM,26256,12034,14222
1/25/2024 12:00:00 AM,3/26/2024 12:00:00 AM,25939,11881,14058
1/25/2024 12:00:00 AM,3/27/2024 12:00:00 AM,24999,11031,13968
1/25/2024 12:00:00 AM,3/28/2024 12:00:00 AM,24805,10846,13959
1/25/2024 12:00:00 AM,3/29/2024 12:00:00 AM,23938,9411,14527
1/25/2024 12:00:00 AM,3/30/2024 12:00:00 AM,27032,11434,15598
1/25/2024 12:00:00 AM,3/31/2024 12:00:00 AM,28466,12674,15792
1/25/2024 12:00:00 AM,4/1/2024 12:00:00 AM,29626,13355,16271
1/25/2024 12:00:00 AM,4/2/2024 12:00:00 AM,28649,13453,15196
1/25/2024 12:00:00 AM,4/3/2024 12:00:00 AM,29204,13357,15847
1/25/2024 12:00:00 AM,4/4/2024 12:00:00 AM,29328,13337,15991
1/25/2024 12:00:00 AM,4/5/2024 12:00:00 AM,29498,13616,15882
1/25/2024 12:00:00 AM,4/6/2024 12:00:00 AM,36512,17800,18712
1/25/2024 12:00:00 AM,4/7/2024 12:00:00 AM,39567,19660,19907
1/25/2024 12:00:00 AM,4/8/2024 12:00:00 AM,39345,18061,21284
1/25/2024 12:00:00 AM,4/9/2024 12:00:00 AM,40105,18862,21243
1/25/2024 12:00:00 AM,4/10/2024 12:00:00 AM,40990,20346,20644
1/25/2024 12:00:00 AM,4/11/2024 12:00:00 AM,40180,20382,19798
1/25/2024 12:00:00 AM,4/12/2024 12:00:00 AM,43489,20861,22628
1/25/2024 12:00:00 AM,4/13/2024 12:00:00 AM,46095,22816,23279
1/25/2024 12:00:00 AM,4/14/2024 12:00:00 AM,46807,24081,22726
1/25/2024 12:00:00 AM,4/15/2024 12:00:00 AM,47162,24847,22315
1/25/2024 12:00:00 AM,4/16/2024 12:00:00 AM,44771,25013,19758
1/25/2024 12:00:00 AM,4/17/2024 12:00:00 AM,43325,24951,18374
1/25/2024 12:00:00 AM,4/18/2024 12:00:00 AM,42420,24046,18374
1/25/2024 12:00:00 AM,4/19/2024 12:00:00 AM,41901,22807,19094
1/25/2024 12:00:00 AM,4/20/2024 12:00:00 AM,43288,22437,20851
1/25/2024 12:00:00 AM,4/21/2024 12:00:00 AM,42161,21860,20301
1/25/2024 12:00:00 AM,4/22/2024 12:00:00 AM,40512,21442,19070
1/25/2024 12:00:00 AM,4/23/2024 12:00:00 AM,34139,16160,17979
1/25/2024 12:00:00 AM,4/24/2024 12:00:00 AM,33277,15405,17872
1/25/2024 12:00:00 AM,4/25/2024 12:00:00 AM,33488,16147,17341
1/24/2024 12:00:00 AM,1/25/2024 12:00:00 AM,1547,115,1432
1/24/2024 12:00:00 AM,1/26/2024 12:00:00 AM,1522,118,1404
1/24/2024 12:00:00 AM,1/27/2024 12:00:00 AM,1522,118,1404
1/24/2024 12:00:00 AM,1/28/2024 12:00:00 AM,1522,118,1404
1/24/2024 12:00:00 AM,1/29/2024 12:00:00 AM,1570,118,1452
1/24/2024 12:00:00 AM,1/30/2024 12:00:00 AM,1567,115,1452
1/24/2024 12:00:00 AM,1/31/2024 12:00:00 AM,1719,115,1604
1/24/2024 12:00:00 AM,2/1/2024 12:00:00 AM,1719,115,1604
1/24/2024 12:00:00 AM,2/2/2024 12:00:00 AM,1719,118,1601
1/24/2024 12:00:00 AM,2/3/2024 12:00:00 AM,1719,118,1601
1/24/2024 12:00:00 AM,2/4/2024 12:00:00 AM,1719,118,1601
1/24/2024 12:00:00 AM,2/5/2024 12:00:00 AM,1960,26,1934
1/24/2024 12:00:00 AM,2/6/2024 12:00:00 AM,1957,23,1934
1/24/2024 12:00:00 AM,2/7/2024 12:00:00 AM,1957,23,1934
1/24/2024 12:00:00 AM,2/8/2024 12:00:00 AM,1957,23,1934
1/24/2024 12:00:00 AM,2/9/2024 12:00:00 AM,1942,26,1916
1/24/2024 12:00:00 AM,2/10/2024 12:00:00 AM,1897,26,1871
1/24/2024 12:00:00 AM,2/11/2024 12:00:00 AM,2399,26,2373
1/24/2024 12:00:00 AM,2/12/2024 12:00:00 AM,3391,26,3365
1/24/2024 12:00:00 AM,2/13/2024 12:00:00 AM,3388,23,3365
1/24/2024 12:00:00 AM,2/14/2024 12:00:00 AM,3388,23,3365
1/24/2024 12:00:00 AM,2/15/2024 12:00:00 AM,3388,23,3365
1/24/2024 12:00:00 AM,2/16/2024 12:00:00 AM,3221,26,3195
1/24/2024 12:00:00 AM,2/17/2024 12:00:00 AM,3433,251,3182
1/24/2024 12:00:00 AM,2/18/2024 12:00:00 AM,3433,251,3182
1/24/2024 12:00:00 AM,2/19/2024 12:00:00 AM,4677,1432,3245
1/24/2024 12:00:00 AM,2/20/2024 12:00:00 AM,5910,2121,3789
1/24/2024 12:00:00 AM,2/21/2024 12:00:00 AM,5952,2121,3831
1/24/2024 12:00:00 AM,2/22/2024 12:00:00 AM,6049,2121,3928
1/24/2024 12:00:00 AM,2/23/2024 12:00:00 AM,6219,2309,3910
1/24/2024 12:00:00 AM,2/24/2024 12:00:00 AM,7495,2309,5186
1/24/2024 12:00:00 AM,2/25/2024 12:00:00 AM,7495,2309,5186
1/24/2024 12:00:00 AM,2/26/2024 12:00:00 AM,7653,2309,5344
1/24/2024 12:00:00 AM,2/27/2024 12:00:00 AM,7625,2306,5319
1/24/2024 12:00:00 AM,2/28/2024 12:00:00 AM,7625,2306,5319
1/24/2024 12:00:00 AM,2/29/2024 12:00:00 AM,7625,2306,5319
1/24/2024 12:00:00 AM,3/1/2024 12:00:00 AM,8910,2650,6260
1/24/2024 12:00:00 AM,3/2/2024 12:00:00 AM,9057,2677,6380
1/24/2024 12:00:00 AM,3/3/2024 12:00:00 AM,10755,3797,6958
1/24/2024 12:00:00 AM,3/4/2024 12:00:00 AM,12695,3797,8898
1/24/2024 12:00:00 AM,3/5/2024 12:00:00 AM,12722,3824,8898
1/24/2024 12:00:00 AM,3/6/2024 12:00:00 AM,12721,4584,8137
1/24/2024 12:00:00 AM,3/7/2024 12:00:00 AM,12721,4584,8137
1/24/2024 12:00:00 AM,3/8/2024 12:00:00 AM,12925,4737,8188
1/24/2024 12:00:00 AM,3/9/2024 12:00:00 AM,16846,8053,8793
1/24/2024 12:00:00 AM,3/10/2024 12:00:00 AM,17459,7690,9769
1/24/2024 12:00:00 AM,3/11/2024 12:00:00 AM,17784,7690,10094
1/24/2024 12:00:00 AM,3/12/2024 12:00:00 AM,17781,7687,10094
1/24/2024 12:00:00 AM,3/13/2024 12:00:00 AM,17599,7687,9912
1/24/2024 12:00:00 AM,3/14/2024 12:00:00 AM,17221,7687,9534
1/24/2024 12:00:00 AM,3/15/2024 12:00:00 AM,17591,7994,9597
1/24/2024 12:00:00 AM,3/16/2024 12:00:00 AM,19841,8809,11032
1/24/2024 12:00:00 AM,3/17/2024 12:00:00 AM,21245,9206,12039
1/24/2024 12:00:00 AM,3/18/2024 12:00:00 AM,22281,10046,12235
1/24/2024 12:00:00 AM,3/19/2024 12:00:00 AM,21654,9840,11814
1/24/2024 12:00:00 AM,3/20/2024 12:00:00 AM,21242,9840,11402
1/24/2024 12:00:00 AM,3/21/2024 12:00:00 AM,20683,9763,10920
1/24/2024 12:00:00 AM,3/22/2024 12:00:00 AM,21093,9810,11283
1/24/2024 12:00:00 AM,3/23/2024 12:00:00 AM,24596,11135,13461
1/24/2024 12:00:00 AM,3/24/2024 12:00:00 AM,25482,11641,13841
1/24/2024 12:00:00 AM,3/25/2024 12:00:00 AM,25952,11730,14222
1/24/2024 12:00:00 AM,3/26/2024 12:00:00 AM,25635,11577,14058
1/24/2024 12:00:00 AM,3/27/2024 12:00:00 AM,24842,10874,13968
1/24/2024 12:00:00 AM,3/28/2024 12:00:00 AM,24648,10689,13959
1/24/2024 12:00:00 AM,3/29/2024 12:00:00 AM,23928,9401,14527
1/24/2024 12:00:00 AM,3/30/2024 12:00:00 AM,27022,11424,15598
1/24/2024 12:00:00 AM,3/31/2024 12:00:00 AM,28456,12664,15792
1/24/2024 12:00:00 AM,4/1/2024 12:00:00 AM,29616,13345,16271
1/24/2024 12:00:00 AM,4/2/2024 12:00:00 AM,28639,13443,15196
1/24/2024 12:00:00 AM,4/3/2024 12:00:00 AM,29194,13347,15847
1/24/2024 12:00:00 AM,4/4/2024 12:00:00 AM,29318,13327,15991
1/24/2024 12:00:00 AM,4/5/2024 12:00:00 AM,29488,13606,15882
1/24/2024 12:00:00 AM,4/6/2024 12:00:00 AM,36502,17790,18712
1/24/2024 12:00:00 AM,4/7/2024 12:00:00 AM,39847,19940,19907
1/24/2024 12:00:00 AM,4/8/2024 12:00:00 AM,39625,18341,21284
1/24/2024 12:00:00 AM,4/9/2024 12:00:00 AM,40385,19142,21243
1/24/2024 12:00:00 AM,4/10/2024 12:00:00 AM,41125,20481,20644
1/24/2024 12:00:00 AM,4/11/2024 12:00:00 AM,40170,20372,19798
1/24/2024 12:00:00 AM,4/12/2024 12:00:00 AM,43479,20851,22628
1/24/2024 12:00:00 AM,4/13/2024 12:00:00 AM,45855,22806,23049
1/24/2024 12:00:00 AM,4/14/2024 12:00:00 AM,46567,24071,22496
1/24/2024 12:00:00 AM,4/15/2024 12:00:00 AM,46922,24837,22085
1/24/2024 12:00:00 AM,4/16/2024 12:00:00 AM,44531,25003,19528
1/24/2024 12:00:00 AM,4/17/2024 12:00:00 AM,43085,24941,18144
1/24/2024 12:00:00 AM,4/18/2024 12:00:00 AM,42180,24036,18144
1/24/2024 12:00:00 AM,4/19/2024 12:00:00 AM,41661,22797,18864
1/24/2024 12:00:00 AM,4/20/2024 12:00:00 AM,43048,22427,20621
1/24/2024 12:00:00 AM,4/21/2024 12:00:00 AM,41921,21850,20071
1/24/2024 12:00:00 AM,4/22/2024 12:00:00 AM,40502,21432,19070
1/24/2024 12:00:00 AM,4/23/2024 12:00:00 AM,34129,16150,17979
1/24/2024 12:00:00 AM,4/24/2024 12:00:00 AM,33267,15395,17872
1/23/2024 12:00:00 AM,1/24/2024 12:00:00 AM,1547,115,1432
1/23/2024 12:00:00 AM,1/25/2024 12:00:00 AM,1547,115,1432
1/23/2024 12:00:00 AM,1/26/2024 12:00:00 AM,1522,118,1404
1/23/2024 12:00:00 AM,1/27/2024 12:00:00 AM,1522,118,1404
1/23/2024 12:00:00 AM,1/28/2024 12:00:00 AM,1522,118,1404
1/23/2024 12:00:00 AM,1/29/2024 12:00:00 AM,1570,118,1452
1/23/2024 12:00:00 AM,1/30/2024 12:00:00 AM,1567,115,1452
1/23/2024 12:00:00 AM,1/31/2024 12:00:00 AM,1719,115,1604
1/23/2024 12:00:00 AM,2/1/2024 12:00:00 AM,1719,115,1604
1/23/2024 12:00:00 AM,2/2/2024 12:00:00 AM,1719,118,1601
1/23/2024 12:00:00 AM,2/3/2024 12:00:00 AM,1719,118,1601
1/23/2024 12:00:00 AM,2/4/2024 12:00:00 AM,1719,118,1601
1/23/2024 12:00:00 AM,2/5/2024 12:00:00 AM,1960,26,1934
1/23/2024 12:00:00 AM,2/6/2024 12:00:00 AM,1957,23,1934
1/23/2024 12:00:00 AM,2/7/2024 12:00:00 AM,1957,23,1934
1/23/2024 12:00:00 AM,2/8/2024 12:00:00 AM,1957,23,1934
1/23/2024 12:00:00 AM,2/9/2024 12:00:00 AM,1942,26,1916
1/23/2024 12:00:00 AM,2/10/2024 12:00:00 AM,1897,26,1871
1/23/2024 12:00:00 AM,2/11/2024 12:00:00 AM,2399,26,2373
1/23/2024 12:00:00 AM,2/12/2024 12:00:00 AM,3391,26,3365
1/23/2024 12:00:00 AM,2/13/2024 12:00:00 AM,3388,23,3365
1/23/2024 12:00:00 AM,2/14/2024 12:00:00 AM,3388,23,3365
1/23/2024 12:00:00 AM,2/15/2024 12:00:00 AM,3388,23,3365
1/23/2024 12:00:00 AM,2/16/2024 12:00:00 AM,3221,26,3195
1/23/2024 12:00:00 AM,2/17/2024 12:00:00 AM,3433,251,3182
1/23/2024 12:00:00 AM,2/18/2024 12:00:00 AM,3433,251,3182
1/23/2024 12:00:00 AM,2/19/2024 12:00:00 AM,4677,1432,3245
1/23/2024 12:00:00 AM,2/20/2024 12:00:00 AM,5910,2121,3789
1/23/2024 12:00:00 AM,2/21/2024 12:00:00 AM,5952,2121,3831
1/23/2024 12:00:00 AM,2/22/2024 12:00:00 AM,6049,2121,3928
1/23/2024 12:00:00 AM,2/23/2024 12:00:00 AM,6034,2124,3910
1/23/2024 12:00:00 AM,2/24/2024 12:00:00 AM,7310,2124,5186
1/23/2024 12:00:00 AM,2/25/2024 12:00:00 AM,7310,2124,5186
1/23/2024 12:00:00 AM,2/26/2024 12:00:00 AM,7468,2124,5344
1/23/2024 12:00:00 AM,2/27/2024 12:00:00 AM,7440,2121,5319
1/23/2024 12:00:00 AM,2/28/2024 12:00:00 AM,7440,2121,5319
1/23/2024 12:00:00 AM,2/29/2024 12:00:00 AM,7440,2121,5319
1/23/2024 12:00:00 AM,3/1/2024 12:00:00 AM,8725,2465,6260
1/23/2024 12:00:00 AM,3/2/2024 12:00:00 AM,9057,2677,6380
1/23/2024 12:00:00 AM,3/3/2024 12:00:00 AM,10755,3797,6958
1/23/2024 12:00:00 AM,3/4/2024 12:00:00 AM,12695,3797,8898
1/23/2024 12:00:00 AM,3/5/2024 12:00:00 AM,12722,3824,8898
1/23/2024 12:00:00 AM,3/6/2024 12:00:00 AM,12721,4584,8137
1/23/2024 12:00:00 AM,3/7/2024 12:00:00 AM,12721,4584,8137
1/23/2024 12:00:00 AM,3/8/2024 12:00:00 AM,12925,4737,8188
1/23/2024 12:00:00 AM,3/9/2024 12:00:00 AM,16846,8053,8793
1/23/2024 12:00:00 AM,3/10/2024 12:00:00 AM,17459,7690,9769
1/23/2024 12:00:00 AM,3/11/2024 12:00:00 AM,17784,7690,10094
1/23/2024 12:00:00 AM,3/12/2024 12:00:00 AM,17781,7687,10094
1/23/2024 12:00:00 AM,3/13/2024 12:00:00 AM,17599,7687,9912
1/23/2024 12:00:00 AM,3/14/2024 12:00:00 AM,17221,7687,9534
1/23/2024 12:00:00 AM,3/15/2024 12:00:00 AM,17591,7994,9597
1/23/2024 12:00:00 AM,3/16/2024 12:00:00 AM,19841,8809,11032
1/23/2024 12:00:00 AM,3/17/2024 12:00:00 AM,21245,9206,12039
1/23/2024 12:00:00 AM,3/18/2024 12:00:00 AM,22281,10046,12235
1/23/2024 12:00:00 AM,3/19/2024 12:00:00 AM,21654,9840,11814
1/23/2024 12:00:00 AM,3/20/2024 12:00:00 AM,21242,9840,11402
1/23/2024 12:00:00 AM,3/21/2024 12:00:00 AM,20683,9763,10920
1/23/2024 12:00:00 AM,3/22/2024 12:00:00 AM,21093,9810,11283
1/23/2024 12:00:00 AM,3/23/2024 12:00:00 AM,24900,11439,13461
1/23/2024 12:00:00 AM,3/24/2024 12:00:00 AM,25786,11945,13841
1/23/2024 12:00:00 AM,3/25/2024 12:00:00 AM,26256,12034,14222
1/23/2024 12:00:00 AM,3/26/2024 12:00:00 AM,25939,11881,14058
1/23/2024 12:00:00 AM,3/27/2024 12:00:00 AM,25146,11178,13968
1/23/2024 12:00:00 AM,3/28/2024 12:00:00 AM,24952,10993,13959
1/23/2024 12:00:00 AM,3/29/2024 12:00:00 AM,24232,9705,14527
1/23/2024 12:00:00 AM,3/30/2024 12:00:00 AM,27326,11728,15598
1/23/2024 12:00:00 AM,3/31/2024 12:00:00 AM,28760,12968,15792
1/23/2024 12:00:00 AM,4/1/2024 12:00:00 AM,29920,13649,16271
1/23/2024 12:00:00 AM,4/2/2024 12:00:00 AM,28943,13747,15196
1/23/2024 12:00:00 AM,4/3/2024 12:00:00 AM,29498,13651,15847
1/23/2024 12:00:00 AM,4/4/2024 12:00:00 AM,29622,13631,15991
1/23/2024 12:00:00 AM,4/5/2024 12:00:00 AM,29792,13910,15882
1/23/2024 12:00:00 AM,4/6/2024 12:00:00 AM,36806,18094,18712
1/23/2024 12:00:00 AM,4/7/2024 12:00:00 AM,40151,20244,19907
1/23/2024 12:00:00 AM,4/8/2024 12:00:00 AM,39929,18645,21284
1/23/2024 12:00:00 AM,4/9/2024 12:00:00 AM,40689,19446,21243
1/23/2024 12:00:00 AM,4/10/2024 12:00:00 AM,41429,20785,20644
1/23/2024 12:00:00 AM,4/11/2024 12:00:00 AM,40374,20576,19798
1/23/2024 12:00:00 AM,4/12/2024 12:00:00 AM,43783,21155,22628
1/23/2024 12:00:00 AM,4/13/2024 12:00:00 AM,46159,23110,23049
1/23/2024 12:00:00 AM,4/14/2024 12:00:00 AM,46871,24375,22496
1/23/2024 12:00:00 AM,4/15/2024 12:00:00 AM,47226,25141,22085
1/23/2024 12:00:00 AM,4/16/2024 12:00:00 AM,44835,25307,19528
1/23/2024 12:00:00 AM,4/17/2024 12:00:00 AM,43389,25245,18144
1/23/2024 12:00:00 AM,4/18/2024 12:00:00 AM,42484,24340,18144
1/23/2024 12:00:00 AM,4/19/2024 12:00:00 AM,41965,23101,18864
1/23/2024 12:00:00 AM,4/20/2024 12:00:00 AM,43352,22731,20621
1/23/2024 12:00:00 AM,4/21/2024 12:00:00 AM,42225,22154,20071
1/23/2024 12:00:00 AM,4/22/2024 12:00:00 AM,40806,21736,19070
1/23/2024 12:00:00 AM,4/23/2024 12:00:00 AM,34433,16454,17979
1/22/2024 12:00:00 AM,1/23/2024 12:00:00 AM,1547,115,1432
1/22/2024 12:00:00 AM,1/24/2024 12:00:00 AM,1680,115,1565
1/22/2024 12:00:00 AM,1/25/2024 12:00:00 AM,1680,115,1565
1/22/2024 12:00:00 AM,1/26/2024 12:00:00 AM,1655,118,1537
1/22/2024 12:00:00 AM,1/27/2024 12:00:00 AM,1522,118,1404
1/22/2024 12:00:00 AM,1/28/2024 12:00:00 AM,1522,118,1404
1/22/2024 12:00:00 AM,1/29/2024 12:00:00 AM,1570,118,1452
1/22/2024 12:00:00 AM,1/30/2024 12:00:00 AM,1567,115,1452
1/22/2024 12:00:00 AM,1/31/2024 12:00:00 AM,1719,115,1604
1/22/2024 12:00:00 AM,2/1/2024 12:00:00 AM,1719,115,1604
1/22/2024 12:00:00 AM,2/2/2024 12:00:00 AM,1719,118,1601
1/22/2024 12:00:00 AM,2/3/2024 12:00:00 AM,1719,118,1601
1/22/2024 12:00:00 AM,2/4/2024 12:00:00 AM,1719,118,1601
1/22/2024 12:00:00 AM,2/5/2024 12:00:00 AM,1960,26,1934
1/22/2024 12:00:00 AM,2/6/2024 12:00:00 AM,1957,23,1934
1/22/2024 12:00:00 AM,2/7/2024 12:00:00 AM,1957,23,1934
1/22/2024 12:00:00 AM,2/8/2024 12:00:00 AM,1957,23,1934
1/22/2024 12:00:00 AM,2/9/2024 12:00:00 AM,1942,26,1916
1/22/2024 12:00:00 AM,2/10/2024 12:00:00 AM,1897,26,1871
1/22/2024 12:00:00 AM,2/11/2024 12:00:00 AM,2399,26,2373
1/22/2024 12:00:00 AM,2/12/2024 12:00:00 AM,3391,26,3365
1/22/2024 12:00:00 AM,2/13/2024 12:00:00 AM,3388,23,3365
1/22/2024 12:00:00 AM,2/14/2024 12:00:00 AM,3388,23,3365
1/22/2024 12:00:00 AM,2/15/2024 12:00:00 AM,3388,23,3365
1/22/2024 12:00:00 AM,2/16/2024 12:00:00 AM,3221,26,3195
1/22/2024 12:00:00 AM,2/17/2024 12:00:00 AM,3433,251,3182
1/22/2024 12:00:00 AM,2/18/2024 12:00:00 AM,3433,251,3182
1/22/2024 12:00:00 AM,2/19/2024 12:00:00 AM,4677,1432,3245
1/22/2024 12:00:00 AM,2/20/2024 12:00:00 AM,5910,2121,3789
1/22/2024 12:00:00 AM,2/21/2024 12:00:00 AM,5952,2121,3831
1/22/2024 12:00:00 AM,2/22/2024 12:00:00 AM,6049,2121,3928
1/22/2024 12:00:00 AM,2/23/2024 12:00:00 AM,6034,2124,3910
1/22/2024 12:00:00 AM,2/24/2024 12:00:00 AM,7310,2124,5186
1/22/2024 12:00:00 AM,2/25/2024 12:00:00 AM,7310,2124,5186
1/22/2024 12:00:00 AM,2/26/2024 12:00:00 AM,7468,2124,5344
1/22/2024 12:00:00 AM,2/27/2024 12:00:00 AM,7440,2121,5319
1/22/2024 12:00:00 AM,2/28/2024 12:00:00 AM,7440,2121,5319
1/22/2024 12:00:00 AM,2/29/2024 12:00:00 AM,7440,2121,5319
1/22/2024 12:00:00 AM,3/1/2024 12:00:00 AM,8725,2465,6260
1/22/2024 12:00:00 AM,3/2/2024 12:00:00 AM,9057,2677,6380
1/22/2024 12:00:00 AM,3/3/2024 12:00:00 AM,10755,3797,6958
1/22/2024 12:00:00 AM,3/4/2024 12:00:00 AM,12695,3797,8898
1/22/2024 12:00:00 AM,3/5/2024 12:00:00 AM,12722,3824,8898
1/22/2024 12:00:00 AM,3/6/2024 12:00:00 AM,12721,4584,8137
1/22/2024 12:00:00 AM,3/7/2024 12:00:00 AM,12721,4584,8137
1/22/2024 12:00:00 AM,3/8/2024 12:00:00 AM,12925,4737,8188
1/22/2024 12:00:00 AM,3/9/2024 12:00:00 AM,16846,8053,8793
1/22/2024 12:00:00 AM,3/10/2024 12:00:00 AM,17459,7690,9769
1/22/2024 12:00:00 AM,3/11/2024 12:00:00 AM,17784,7690,10094
1/22/2024 12:00:00 AM,3/12/2024 12:00:00 AM,17672,7687,9985
1/22/2024 12:00:00 AM,3/13/2024 12:00:00 AM,17490,7687,9803
1/22/2024 12:00:00 AM,3/14/2024 12:00:00 AM,17112,7687,9425
1/22/2024 12:00:00 AM,3/15/2024 12:00:00 AM,17482,7994,9488
1/22/2024 12:00:00 AM,3/16/2024 12:00:00 AM,19732,8809,10923
1/22/2024 12:00:00 AM,3/17/2024 12:00:00 AM,21136,9206,11930
1/22/2024 12:00:00 AM,3/18/2024 12:00:00 AM,22172,10046,12126
1/22/2024 12:00:00 AM,3/19/2024 12:00:00 AM,21545,9840,11705
1/22/2024 12:00:00 AM,3/20/2024 12:00:00 AM,21133,9840,11293
1/22/2024 12:00:00 AM,3/21/2024 12:00:00 AM,20574,9763,10811
1/22/2024 12:00:00 AM,3/22/2024 12:00:00 AM,20984,9810,11174
1/22/2024 12:00:00 AM,3/23/2024 12:00:00 AM,24791,11439,13352
1/22/2024 12:00:00 AM,3/24/2024 12:00:00 AM,25677,11945,13732
1/22/2024 12:00:00 AM,3/25/2024 12:00:00 AM,26147,12034,14113
1/22/2024 12:00:00 AM,3/26/2024 12:00:00 AM,25830,11881,13949
1/22/2024 12:00:00 AM,3/27/2024 12:00:00 AM,25037,11178,13859
1/22/2024 12:00:00 AM,3/28/2024 12:00:00 AM,24843,10993,13850
1/22/2024 12:00:00 AM,3/29/2024 12:00:00 AM,24123,9705,14418
1/22/2024 12:00:00 AM,3/30/2024 12:00:00 AM,27217,11728,15489
1/22/2024 12:00:00 AM,3/31/2024 12:00:00 AM,28651,12968,15683
1/22/2024 12:00:00 AM,4/1/2024 12:00:00 AM,29811,13649,16162
1/22/2024 12:00:00 AM,4/2/2024 12:00:00 AM,28834,13747,15087
1/22/2024 12:00:00 AM,4/3/2024 12:00:00 AM,29389,13651,15738
1/22/2024 12:00:00 AM,4/4/2024 12:00:00 AM,29513,13631,15882
1/22/2024 12:00:00 AM,4/5/2024 12:00:00 AM,29792,13910,15882
1/22/2024 12:00:00 AM,4/6/2024 12:00:00 AM,36806,18094,18712
1/22/2024 12:00:00 AM,4/7/2024 12:00:00 AM,40151,20244,19907
1/22/2024 12:00:00 AM,4/8/2024 12:00:00 AM,39929,18645,21284
1/22/2024 12:00:00 AM,4/9/2024 12:00:00 AM,40689,19446,21243
1/22/2024 12:00:00 AM,4/10/2024 12:00:00 AM,41429,20785,20644
1/22/2024 12:00:00 AM,4/11/2024 12:00:00 AM,40374,20576,19798
1/22/2024 12:00:00 AM,4/12/2024 12:00:00 AM,43783,21155,22628
1/22/2024 12:00:00 AM,4/13/2024 12:00:00 AM,46159,23110,23049
1/22/2024 12:00:00 AM,4/14/2024 12:00:00 AM,46871,24375,22496
1/22/2024 12:00:00 AM,4/15/2024 12:00:00 AM,47226,25141,22085
1/22/2024 12:00:00 AM,4/16/2024 12:00:00 AM,44835,25307,19528
1/22/2024 12:00:00 AM,4/17/2024 12:00:00 AM,43389,25245,18144
1/22/2024 12:00:00 AM,4/18/2024 12:00:00 AM,42484,24340,18144
1/22/2024 12:00:00 AM,4/19/2024 12:00:00 AM,41965,23101,18864
1/22/2024 12:00:00 AM,4/20/2024 12:00:00 AM,43352,22731,20621
1/22/2024 12:00:00 AM,4/21/2024 12:00:00 AM,42225,22154,20071
1/22/2024 12:00:00 AM,4/22/2024 12:00:00 AM,40806,21736,19070
1/21/2024 12:00:00 AM,1/22/2024 12:00:00 AM,2732,595,2137
1/21/2024 12:00:00 AM,1/23/2024 12:00:00 AM,1547,115,1432
1/21/2024 12:00:00 AM,1/24/2024 12:00:00 AM,1680,115,1565
1/21/2024 12:00:00 AM,1/25/2024 12:00:00 AM,1680,115,1565
1/21/2024 12:00:00 AM,1/26/2024 12:00:00 AM,1655,118,1537
1/21/2024 12:00:00 AM,1/27/2024 12:00:00 AM,1522,118,1404
1/21/2024 12:00:00 AM,1/28/2024 12:00:00 AM,1522,118,1404
1/21/2024 12:00:00 AM,1/29/2024 12:00:00 AM,1570,118,1452
1/21/2024 12:00:00 AM,1/30/2024 12:00:00 AM,1567,115,1452
1/21/2024 12:00:00 AM,1/31/2024 12:00:00 AM,1719,115,1604
1/21/2024 12:00:00 AM,2/1/2024 12:00:00 AM,1719,115,1604
1/21/2024 12:00:00 AM,2/2/2024 12:00:00 AM,1719,118,1601
1/21/2024 12:00:00 AM,2/3/2024 12:00:00 AM,1719,118,1601
1/21/2024 12:00:00 AM,2/4/2024 12:00:00 AM,1719,118,1601
1/21/2024 12:00:00 AM,2/5/2024 12:00:00 AM,1960,26,1934
1/21/2024 12:00:00 AM,2/6/2024 12:00:00 AM,1957,23,1934
1/21/2024 12:00:00 AM,2/7/2024 12:00:00 AM,1957,23,1934
1/21/2024 12:00:00 AM,2/8/2024 12:00:00 AM,1957,23,1934
1/21/2024 12:00:00 AM,2/9/2024 12:00:00 AM,1942,26,1916
1/21/2024 12:00:00 AM,2/10/2024 12:00:00 AM,1897,26,1871
1/21/2024 12:00:00 AM,2/11/2024 12:00:00 AM,2399,26,2373
1/21/2024 12:00:00 AM,2/12/2024 12:00:00 AM,3391,26,3365
1/21/2024 12:00:00 AM,2/13/2024 12:00:00 AM,3388,23,3365
1/21/2024 12:00:00 AM,2/14/2024 12:00:00 AM,3388,23,3365
1/21/2024 12:00:00 AM,2/15/2024 12:00:00 AM,3388,23,3365
1/21/2024 12:00:00 AM,2/16/2024 12:00:00 AM,3221,26,3195
1/21/2024 12:00:00 AM,2/17/2024 12:00:00 AM,3433,251,3182
1/21/2024 12:00:00 AM,2/18/2024 12:00:00 AM,3433,251,3182
1/21/2024 12:00:00 AM,2/19/2024 12:00:00 AM,4677,1432,3245
1/21/2024 12:00:00 AM,2/20/2024 12:00:00 AM,5910,2121,3789
1/21/2024 12:00:00 AM,2/21/2024 12:00:00 AM,5952,2121,3831
1/21/2024 12:00:00 AM,2/22/2024 12:00:00 AM,6049,2121,3928
1/21/2024 12:00:00 AM,2/23/2024 12:00:00 AM,6034,2124,3910
1/21/2024 12:00:00 AM,2/24/2024 12:00:00 AM,7310,2124,5186
1/21/2024 12:00:00 AM,2/25/2024 12:00:00 AM,7310,2124,5186
1/21/2024 12:00:00 AM,2/26/2024 12:00:00 AM,7468,2124,5344
1/21/2024 12:00:00 AM,2/27/2024 12:00:00 AM,7440,2121,5319
1/21/2024 12:00:00 AM,2/28/2024 12:00:00 AM,7440,2121,5319
1/21/2024 12:00:00 AM,2/29/2024 12:00:00 AM,7440,2121,5319
1/21/2024 12:00:00 AM,3/1/2024 12:00:00 AM,8725,2465,6260
1/21/2024 12:00:00 AM,3/2/2024 12:00:00 AM,9057,2677,6380
1/21/2024 12:00:00 AM,3/3/2024 12:00:00 AM,10755,3797,6958
1/21/2024 12:00:00 AM,3/4/2024 12:00:00 AM,12695,3797,8898
1/21/2024 12:00:00 AM,3/5/2024 12:00:00 AM,12722,3824,8898
1/21/2024 12:00:00 AM,3/6/2024 12:00:00 AM,12721,4584,8137
1/21/2024 12:00:00 AM,3/7/2024 12:00:00 AM,12721,4584,8137
1/21/2024 12:00:00 AM,3/8/2024 12:00:00 AM,12925,4737,8188
1/21/2024 12:00:00 AM,3/9/2024 12:00:00 AM,16846,8053,8793
1/21/2024 12:00:00 AM,3/10/2024 12:00:00 AM,17459,7690,9769
1/21/2024 12:00:00 AM,3/11/2024 12:00:00 AM,17784,7690,10094
1/21/2024 12:00:00 AM,3/12/2024 12:00:00 AM,17672,7687,9985
1/21/2024 12:00:00 AM,3/13/2024 12:00:00 AM,17490,7687,9803
1/21/2024 12:00:00 AM,3/14/2024 12:00:00 AM,17112,7687,9425
1/21/2024 12:00:00 AM,3/15/2024 12:00:00 AM,17482,7994,9488
1/21/2024 12:00:00 AM,3/16/2024 12:00:00 AM,19732,8809,10923
1/21/2024 12:00:00 AM,3/17/2024 12:00:00 AM,21136,9206,11930
1/21/2024 12:00:00 AM,3/18/2024 12:00:00 AM,22172,10046,12126
1/21/2024 12:00:00 AM,3/19/2024 12:00:00 AM,21545,9840,11705
1/21/2024 12:00:00 AM,3/20/2024 12:00:00 AM,21133,9840,11293
1/21/2024 12:00:00 AM,3/21/2024 12:00:00 AM,20574,9763,10811
1/21/2024 12:00:00 AM,3/22/2024 12:00:00 AM,20984,9810,11174
1/21/2024 12:00:00 AM,3/23/2024 12:00:00 AM,24791,11439,13352
1/21/2024 12:00:00 AM,3/24/2024 12:00:00 AM,25677,11945,13732
1/21/2024 12:00:00 AM,3/25/2024 12:00:00 AM,26147,12034,14113
1/21/2024 12:00:00 AM,3/26/2024 12:00:00 AM,25830,11881,13949
1/21/2024 12:00:00 AM,3/27/2024 12:00:00 AM,25037,11178,13859
1/21/2024 12:00:00 AM,3/28/2024 12:00:00 AM,24843,10993,13850
1/21/2024 12:00:00 AM,3/29/2024 12:00:00 AM,24123,9705,14418
1/21/2024 12:00:00 AM,3/30/2024 12:00:00 AM,27217,11728,15489
1/21/2024 12:00:00 AM,3/31/2024 12:00:00 AM,28651,12968,15683
1/21/2024 12:00:00 AM,4/1/2024 12:00:00 AM,29811,13649,16162
1/21/2024 12:00:00 AM,4/2/2024 12:00:00 AM,28834,13747,15087
1/21/2024 12:00:00 AM,4/3/2024 12:00:00 AM,29389,13651,15738
1/21/2024 12:00:00 AM,4/4/2024 12:00:00 AM,29513,13631,15882
1/21/2024 12:00:00 AM,4/5/2024 12:00:00 AM,29792,13910,15882
1/21/2024 12:00:00 AM,4/6/2024 12:00:00 AM,36806,18094,18712
1/21/2024 12:00:00 AM,4/7/2024 12:00:00 AM,40151,20244,19907
1/21/2024 12:00:00 AM,4/8/2024 12:00:00 AM,39929,18645,21284
1/21/2024 12:00:00 AM,4/9/2024 12:00:00 AM,40689,19446,21243
1/21/2024 12:00:00 AM,4/10/2024 12:00:00 AM,41429,20785,20644
1/21/2024 12:00:00 AM,4/11/2024 12:00:00 AM,40374,20576,19798
1/21/2024 12:00:00 AM,4/12/2024 12:00:00 AM,43783,21155,22628
1/21/2024 12:00:00 AM,4/13/2024 12:00:00 AM,46159,23110,23049
1/21/2024 12:00:00 AM,4/14/2024 12:00:00 AM,46871,24375,22496
1/21/2024 12:00:00 AM,4/15/2024 12:00:00 AM,47226,25141,22085
1/21/2024 12:00:00 AM,4/16/2024 12:00:00 AM,44835,25307,19528
1/21/2024 12:00:00 AM,4/17/2024 12:00:00 AM,43389,25245,18144
1/21/2024 12:00:00 AM,4/18/2024 12:00:00 AM,42484,24340,18144
1/21/2024 12:00:00 AM,4/19/2024 12:00:00 AM,41965,23101,18864
1/21/2024 12:00:00 AM,4/20/2024 12:00:00 AM,43352,22731,20621
1/21/2024 12:00:00 AM,4/21/2024 12:00:00 AM,42225,22154,20071
1/20/2024 12:00:00 AM,1/21/2024 12:00:00 AM,2177,23,2154
1/20/2024 12:00:00 AM,1/22/2024 12:00:00 AM,2733,596,2137
1/20/2024 12:00:00 AM,1/23/2024 12:00:00 AM,1548,116,1432
1/20/2024 12:00:00 AM,1/24/2024 12:00:00 AM,1681,116,1565
1/20/2024 12:00:00 AM,1/25/2024 12:00:00 AM,1681,116,1565
1/20/2024 12:00:00 AM,1/26/2024 12:00:00 AM,1656,119,1537
1/20/2024 12:00:00 AM,1/27/2024 12:00:00 AM,1523,119,1404
1/20/2024 12:00:00 AM,1/28/2024 12:00:00 AM,1523,119,1404
1/20/2024 12:00:00 AM,1/29/2024 12:00:00 AM,1571,119,1452
1/20/2024 12:00:00 AM,1/30/2024 12:00:00 AM,1567,115,1452
1/20/2024 12:00:00 AM,1/31/2024 12:00:00 AM,1719,115,1604
1/20/2024 12:00:00 AM,2/1/2024 12:00:00 AM,1719,115,1604
1/20/2024 12:00:00 AM,2/2/2024 12:00:00 AM,1719,118,1601
1/20/2024 12:00:00 AM,2/3/2024 12:00:00 AM,1719,118,1601
1/20/2024 12:00:00 AM,2/4/2024 12:00:00 AM,1719,118,1601
1/20/2024 12:00:00 AM,2/5/2024 12:00:00 AM,1960,26,1934
1/20/2024 12:00:00 AM,2/6/2024 12:00:00 AM,1957,23,1934
1/20/2024 12:00:00 AM,2/7/2024 12:00:00 AM,1957,23,1934
1/20/2024 12:00:00 AM,2/8/2024 12:00:00 AM,1957,23,1934
1/20/2024 12:00:00 AM,2/9/2024 12:00:00 AM,1942,26,1916
1/20/2024 12:00:00 AM,2/10/2024 12:00:00 AM,1897,26,1871
1/20/2024 12:00:00 AM,2/11/2024 12:00:00 AM,2399,26,2373
1/20/2024 12:00:00 AM,2/12/2024 12:00:00 AM,3391,26,3365
1/20/2024 12:00:00 AM,2/13/2024 12:00:00 AM,3388,23,3365
1/20/2024 12:00:00 AM,2/14/2024 12:00:00 AM,3388,23,3365
1/20/2024 12:00:00 AM,2/15/2024 12:00:00 AM,3388,23,3365
1/20/2024 12:00:00 AM,2/16/2024 12:00:00 AM,3221,26,3195
1/20/2024 12:00:00 AM,2/17/2024 12:00:00 AM,3433,251,3182
1/20/2024 12:00:00 AM,2/18/2024 12:00:00 AM,3433,251,3182
1/20/2024 12:00:00 AM,2/19/2024 12:00:00 AM,4677,1432,3245
1/20/2024 12:00:00 AM,2/20/2024 12:00:00 AM,5910,2121,3789
1/20/2024 12:00:00 AM,2/21/2024 12:00:00 AM,5952,2121,3831
1/20/2024 12:00:00 AM,2/22/2024 12:00:00 AM,6049,2121,3928
1/20/2024 12:00:00 AM,2/23/2024 12:00:00 AM,6034,2124,3910
1/20/2024 12:00:00 AM,2/24/2024 12:00:00 AM,7310,2124,5186
1/20/2024 12:00:00 AM,2/25/2024 12:00:00 AM,7310,2124,5186
1/20/2024 12:00:00 AM,2/26/2024 12:00:00 AM,7468,2124,5344
1/20/2024 12:00:00 AM,2/27/2024 12:00:00 AM,7440,2121,5319
1/20/2024 12:00:00 AM,2/28/2024 12:00:00 AM,7440,2121,5319
1/20/2024 12:00:00 AM,2/29/2024 12:00:00 AM,7440,2121,5319
1/20/2024 12:00:00 AM,3/1/2024 12:00:00 AM,8725,2465,6260
1/20/2024 12:00:00 AM,3/2/2024 12:00:00 AM,9057,2677,6380
1/20/2024 12:00:00 AM,3/3/2024 12:00:00 AM,10755,3797,6958
1/20/2024 12:00:00 AM,3/4/2024 12:00:00 AM,12695,3797,8898
1/20/2024 12:00:00 AM,3/5/2024 12:00:00 AM,12722,3824,8898
1/20/2024 12:00:00 AM,3/6/2024 12:00:00 AM,12721,4584,8137
1/20/2024 12:00:00 AM,3/7/2024 12:00:00 AM,12721,4584,8137
1/20/2024 12:00:00 AM,3/8/2024 12:00:00 AM,12925,4737,8188
1/20/2024 12:00:00 AM,3/9/2024 12:00:00 AM,16846,8053,8793
1/20/2024 12:00:00 AM,3/10/2024 12:00:00 AM,17459,7690,9769
1/20/2024 12:00:00 AM,3/11/2024 12:00:00 AM,17784,7690,10094
1/20/2024 12:00:00 AM,3/12/2024 12:00:00 AM,17672,7687,9985
1/20/2024 12:00:00 AM,3/13/2024 12:00:00 AM,17490,7687,9803
1/20/2024 12:00:00 AM,3/14/2024 12:00:00 AM,17112,7687,9425
1/20/2024 12:00:00 AM,3/15/2024 12:00:00 AM,17482,7994,9488
1/20/2024 12:00:00 AM,3/16/2024 12:00:00 AM,19732,8809,10923
1/20/2024 12:00:00 AM,3/17/2024 12:00:00 AM,21136,9206,11930
1/20/2024 12:00:00 AM,3/18/2024 12:00:00 AM,22172,10046,12126
1/20/2024 12:00:00 AM,3/19/2024 12:00:00 AM,21545,9840,11705
1/20/2024 12:00:00 AM,3/20/2024 12:00:00 AM,21133,9840,11293
1/20/2024 12:00:00 AM,3/21/2024 12:00:00 AM,20574,9763,10811
1/20/2024 12:00:00 AM,3/22/2024 12:00:00 AM,20984,9810,11174
1/20/2024 12:00:00 AM,3/23/2024 12:00:00 AM,24791,11439,13352
1/20/2024 12:00:00 AM,3/24/2024 12:00:00 AM,25677,11945,13732
1/20/2024 12:00:00 AM,3/25/2024 12:00:00 AM,26147,12034,14113
1/20/2024 12:00:00 AM,3/26/2024 12:00:00 AM,25830,11881,13949
1/20/2024 12:00:00 AM,3/27/2024 12:00:00 AM,25037,11178,13859
1/20/2024 12:00:00 AM,3/28/2024 12:00:00 AM,24843,10993,13850
1/20/2024 12:00:00 AM,3/29/2024 12:00:00 AM,24123,9705,14418
1/20/2024 12:00:00 AM,3/30/2024 12:00:00 AM,27217,11728,15489
1/20/2024 12:00:00 AM,3/31/2024 12:00:00 AM,28651,12968,15683
1/20/2024 12:00:00 AM,4/1/2024 12:00:00 AM,29811,13649,16162
1/20/2024 12:00:00 AM,4/2/2024 12:00:00 AM,28834,13747,15087
1/20/2024 12:00:00 AM,4/3/2024 12:00:00 AM,29389,13651,15738
1/20/2024 12:00:00 AM,4/4/2024 12:00:00 AM,29513,13631,15882
1/20/2024 12:00:00 AM,4/5/2024 12:00:00 AM,29792,13910,15882
1/20/2024 12:00:00 AM,4/6/2024 12:00:00 AM,36806,18094,18712
1/20/2024 12:00:00 AM,4/7/2024 12:00:00 AM,40151,20244,19907
1/20/2024 12:00:00 AM,4/8/2024 12:00:00 AM,39929,18645,21284
1/20/2024 12:00:00 AM,4/9/2024 12:00:00 AM,40689,19446,21243
1/20/2024 12:00:00 AM,4/10/2024 12:00:00 AM,41429,20785,20644
1/20/2024 12:00:00 AM,4/11/2024 12:00:00 AM,40374,20576,19798
1/20/2024 12:00:00 AM,4/12/2024 12:00:00 AM,43783,21155,22628
1/20/2024 12:00:00 AM,4/13/2024 12:00:00 AM,46159,23110,23049
1/20/2024 12:00:00 AM,4/14/2024 12:00:00 AM,46871,24375,22496
1/20/2024 12:00:00 AM,4/15/2024 12:00:00 AM,47226,25141,22085
1/20/2024 12:00:00 AM,4/16/2024 12:00:00 AM,44835,25307,19528
1/20/2024 12:00:00 AM,4/17/2024 12:00:00 AM,43389,25245,18144
1/20/2024 12:00:00 AM,4/18/2024 12:00:00 AM,42484,24340,18144
1/20/2024 12:00:00 AM,4/19/2024 12:00:00 AM,41965,23101,18864
1/20/2024 12:00:00 AM,4/20/2024 12:00:00 AM,43352,22731,20621
1/19/2024 12:00:00 AM,1/20/2024 12:00:00 AM,2177,23,2154
1/19/2024 12:00:00 AM,1/21/2024 12:00:00 AM,2177,23,2154
1/19/2024 12:00:00 AM,1/22/2024 12:00:00 AM,2733,596,2137
1/19/2024 12:00:00 AM,1/23/2024 12:00:00 AM,1548,116,1432
1/19/2024 12:00:00 AM,1/24/2024 12:00:00 AM,1681,116,1565
1/19/2024 12:00:00 AM,1/25/2024 12:00:00 AM,1681,116,1565
1/19/2024 12:00:00 AM,1/26/2024 12:00:00 AM,1656,119,1537
1/19/2024 12:00:00 AM,1/27/2024 12:00:00 AM,1523,119,1404
1/19/2024 12:00:00 AM,1/28/2024 12:00:00 AM,1523,119,1404
1/19/2024 12:00:00 AM,1/29/2024 12:00:00 AM,1571,119,1452
1/19/2024 12:00:00 AM,1/30/2024 12:00:00 AM,1567,115,1452
1/19/2024 12:00:00 AM,1/31/2024 12:00:00 AM,1719,115,1604
1/19/2024 12:00:00 AM,2/1/2024 12:00:00 AM,1719,115,1604
1/19/2024 12:00:00 AM,2/2/2024 12:00:00 AM,1719,118,1601
1/19/2024 12:00:00 AM,2/3/2024 12:00:00 AM,1719,118,1601
1/19/2024 12:00:00 AM,2/4/2024 12:00:00 AM,1719,118,1601
1/19/2024 12:00:00 AM,2/5/2024 12:00:00 AM,1960,26,1934
1/19/2024 12:00:00 AM,2/6/2024 12:00:00 AM,1957,23,1934
1/19/2024 12:00:00 AM,2/7/2024 12:00:00 AM,1957,23,1934
1/19/2024 12:00:00 AM,2/8/2024 12:00:00 AM,1957,23,1934
1/19/2024 12:00:00 AM,2/9/2024 12:00:00 AM,1942,26,1916
1/19/2024 12:00:00 AM,2/10/2024 12:00:00 AM,1897,26,1871
1/19/2024 12:00:00 AM,2/11/2024 12:00:00 AM,2399,26,2373
1/19/2024 12:00:00 AM,2/12/2024 12:00:00 AM,3391,26,3365
1/19/2024 12:00:00 AM,2/13/2024 12:00:00 AM,3388,23,3365
1/19/2024 12:00:00 AM,2/14/2024 12:00:00 AM,3388,23,3365
1/19/2024 12:00:00 AM,2/15/2024 12:00:00 AM,3388,23,3365
1/19/2024 12:00:00 AM,2/16/2024 12:00:00 AM,3221,26,3195
1/19/2024 12:00:00 AM,2/17/2024 12:00:00 AM,3433,251,3182
1/19/2024 12:00:00 AM,2/18/2024 12:00:00 AM,3433,251,3182
1/19/2024 12:00:00 AM,2/19/2024 12:00:00 AM,4677,1432,3245
1/19/2024 12:00:00 AM,2/20/2024 12:00:00 AM,5910,2121,3789
1/19/2024 12:00:00 AM,2/21/2024 12:00:00 AM,5952,2121,3831
1/19/2024 12:00:00 AM,2/22/2024 12:00:00 AM,6049,2121,3928
1/19/2024 12:00:00 AM,2/23/2024 12:00:00 AM,6034,2124,3910
1/19/2024 12:00:00 AM,2/24/2024 12:00:00 AM,7310,2124,5186
1/19/2024 12:00:00 AM,2/25/2024 12:00:00 AM,7310,2124,5186
1/19/2024 12:00:00 AM,2/26/2024 12:00:00 AM,7468,2124,5344
1/19/2024 12:00:00 AM,2/27/2024 12:00:00 AM,7440,2121,5319
1/19/2024 12:00:00 AM,2/28/2024 12:00:00 AM,7440,2121,5319
1/19/2024 12:00:00 AM,2/29/2024 12:00:00 AM,7440,2121,5319
1/19/2024 12:00:00 AM,3/1/2024 12:00:00 AM,8725,2465,6260
1/19/2024 12:00:00 AM,3/2/2024 12:00:00 AM,9057,2677,6380
1/19/2024 12:00:00 AM,3/3/2024 12:00:00 AM,10755,3797,6958
1/19/2024 12:00:00 AM,3/4/2024 12:00:00 AM,12695,3797,8898
1/19/2024 12:00:00 AM,3/5/2024 12:00:00 AM,12722,3824,8898
1/19/2024 12:00:00 AM,3/6/2024 12:00:00 AM,12721,4584,8137
1/19/2024 12:00:00 AM,3/7/2024 12:00:00 AM,12721,4584,8137
1/19/2024 12:00:00 AM,3/8/2024 12:00:00 AM,12925,4737,8188
1/19/2024 12:00:00 AM,3/9/2024 12:00:00 AM,16846,8053,8793
1/19/2024 12:00:00 AM,3/10/2024 12:00:00 AM,17619,7850,9769
1/19/2024 12:00:00 AM,3/11/2024 12:00:00 AM,17915,7930,9985
1/19/2024 12:00:00 AM,3/12/2024 12:00:00 AM,18000,8015,9985
1/19/2024 12:00:00 AM,3/13/2024 12:00:00 AM,17907,8104,9803
1/19/2024 12:00:00 AM,3/14/2024 12:00:00 AM,17608,8183,9425
1/19/2024 12:00:00 AM,3/15/2024 12:00:00 AM,17978,8490,9488
1/19/2024 12:00:00 AM,3/16/2024 12:00:00 AM,20228,9305,10923
1/19/2024 12:00:00 AM,3/17/2024 12:00:00 AM,21472,9542,11930
1/19/2024 12:00:00 AM,3/18/2024 12:00:00 AM,22428,10302,12126
1/19/2024 12:00:00 AM,3/19/2024 12:00:00 AM,21407,10008,11399
1/19/2024 12:00:00 AM,3/20/2024 12:00:00 AM,21212,9919,11293
1/19/2024 12:00:00 AM,3/21/2024 12:00:00 AM,20465,9763,10702
1/19/2024 12:00:00 AM,3/22/2024 12:00:00 AM,20875,9810,11065
1/19/2024 12:00:00 AM,3/23/2024 12:00:00 AM,24682,11439,13243
1/19/2024 12:00:00 AM,3/24/2024 12:00:00 AM,25568,11945,13623
1/19/2024 12:00:00 AM,3/25/2024 12:00:00 AM,26038,12034,14004
1/19/2024 12:00:00 AM,3/26/2024 12:00:00 AM,25721,11881,13840
1/19/2024 12:00:00 AM,3/27/2024 12:00:00 AM,24928,11178,13750
1/19/2024 12:00:00 AM,3/28/2024 12:00:00 AM,24734,10993,13741
1/19/2024 12:00:00 AM,3/29/2024 12:00:00 AM,24014,9705,14309
1/19/2024 12:00:00 AM,3/30/2024 12:00:00 AM,27108,11728,15380
1/19/2024 12:00:00 AM,3/31/2024 12:00:00 AM,28542,12968,15574
1/19/2024 12:00:00 AM,4/1/2024 12:00:00 AM,29702,13649,16053
1/19/2024 12:00:00 AM,4/2/2024 12:00:00 AM,28725,13747,14978
1/19/2024 12:00:00 AM,4/3/2024 12:00:00 AM,29280,13651,15629
1/19/2024 12:00:00 AM,4/4/2024 12:00:00 AM,29404,13631,15773
1/19/2024 12:00:00 AM,4/5/2024 12:00:00 AM,29683,13910,15773
1/19/2024 12:00:00 AM,4/6/2024 12:00:00 AM,36697,18094,18603
1/19/2024 12:00:00 AM,4/7/2024 12:00:00 AM,40042,20244,19798
1/19/2024 12:00:00 AM,4/8/2024 12:00:00 AM,39820,18645,21175
1/19/2024 12:00:00 AM,4/9/2024 12:00:00 AM,40580,19446,21134
1/19/2024 12:00:00 AM,4/10/2024 12:00:00 AM,41320,20785,20535
1/19/2024 12:00:00 AM,4/11/2024 12:00:00 AM,40265,20576,19689
1/19/2024 12:00:00 AM,4/12/2024 12:00:00 AM,43674,21155,22519
1/19/2024 12:00:00 AM,4/13/2024 12:00:00 AM,46050,23110,22940
1/19/2024 12:00:00 AM,4/14/2024 12:00:00 AM,46762,24375,22387
1/19/2024 12:00:00 AM,4/15/2024 12:00:00 AM,47226,25141,22085
1/19/2024 12:00:00 AM,4/16/2024 12:00:00 AM,44835,25307,19528
1/19/2024 12:00:00 AM,4/17/2024 12:00:00 AM,43389,25245,18144
1/19/2024 12:00:00 AM,4/18/2024 12:00:00 AM,42484,24340,18144
1/19/2024 12:00:00 AM,4/19/2024 12:00:00 AM,41965,23101,18864
1/18/2024 12:00:00 AM,1/19/2024 12:00:00 AM,2180,26,2154
1/18/2024 12:00:00 AM,1/20/2024 12:00:00 AM,2180,26,2154
1/18/2024 12:00:00 AM,1/21/2024 12:00:00 AM,1475,26,1449
1/18/2024 12:00:00 AM,1/22/2024 12:00:00 AM,2031,599,1432
1/18/2024 12:00:00 AM,1/23/2024 12:00:00 AM,1548,116,1432
1/18/2024 12:00:00 AM,1/24/2024 12:00:00 AM,1681,116,1565
1/18/2024 12:00:00 AM,1/25/2024 12:00:00 AM,1681,116,1565
1/18/2024 12:00:00 AM,1/26/2024 12:00:00 AM,1656,119,1537
1/18/2024 12:00:00 AM,1/27/2024 12:00:00 AM,1523,119,1404
1/18/2024 12:00:00 AM,1/28/2024 12:00:00 AM,1523,119,1404
1/18/2024 12:00:00 AM,1/29/2024 12:00:00 AM,1571,119,1452
1/18/2024 12:00:00 AM,1/30/2024 12:00:00 AM,1567,115,1452
1/18/2024 12:00:00 AM,1/31/2024 12:00:00 AM,1719,115,1604
1/18/2024 12:00:00 AM,2/1/2024 12:00:00 AM,1719,115,1604
1/18/2024 12:00:00 AM,2/2/2024 12:00:00 AM,1719,118,1601
1/18/2024 12:00:00 AM,2/3/2024 12:00:00 AM,1719,118,1601
1/18/2024 12:00:00 AM,2/4/2024 12:00:00 AM,1719,118,1601
1/18/2024 12:00:00 AM,2/5/2024 12:00:00 AM,1960,26,1934
1/18/2024 12:00:00 AM,2/6/2024 12:00:00 AM,1957,23,1934
1/18/2024 12:00:00 AM,2/7/2024 12:00:00 AM,1957,23,1934
1/18/2024 12:00:00 AM,2/8/2024 12:00:00 AM,1957,23,1934
1/18/2024 12:00:00 AM,2/9/2024 12:00:00 AM,1942,26,1916
1/18/2024 12:00:00 AM,2/10/2024 12:00:00 AM,1897,26,1871
1/18/2024 12:00:00 AM,2/11/2024 12:00:00 AM,2399,26,2373
1/18/2024 12:00:00 AM,2/12/2024 12:00:00 AM,3391,26,3365
1/18/2024 12:00:00 AM,2/13/2024 12:00:00 AM,3388,23,3365
1/18/2024 12:00:00 AM,2/14/2024 12:00:00 AM,3388,23,3365
1/18/2024 12:00:00 AM,2/15/2024 12:00:00 AM,3388,23,3365
1/18/2024 12:00:00 AM,2/16/2024 12:00:00 AM,3221,26,3195
1/18/2024 12:00:00 AM,2/17/2024 12:00:00 AM,3433,251,3182
1/18/2024 12:00:00 AM,2/18/2024 12:00:00 AM,3433,251,3182
1/18/2024 12:00:00 AM,2/19/2024 12:00:00 AM,4677,1432,3245
1/18/2024 12:00:00 AM,2/20/2024 12:00:00 AM,5910,2121,3789
1/18/2024 12:00:00 AM,2/21/2024 12:00:00 AM,5952,2121,3831
1/18/2024 12:00:00 AM,2/22/2024 12:00:00 AM,5910,2121,3789
1/18/2024 12:00:00 AM,2/23/2024 12:00:00 AM,5895,2124,3771
1/18/2024 12:00:00 AM,2/24/2024 12:00:00 AM,7171,2124,5047
1/18/2024 12:00:00 AM,2/25/2024 12:00:00 AM,7171,2124,5047
1/18/2024 12:00:00 AM,2/26/2024 12:00:00 AM,7329,2124,5205
1/18/2024 12:00:00 AM,2/27/2024 12:00:00 AM,7301,2121,5180
1/18/2024 12:00:00 AM,2/28/2024 12:00:00 AM,7301,2121,5180
1/18/2024 12:00:00 AM,2/29/2024 12:00:00 AM,7301,2121,5180
1/18/2024 12:00:00 AM,3/1/2024 12:00:00 AM,8725,2465,6260
1/18/2024 12:00:00 AM,3/2/2024 12:00:00 AM,9057,2677,6380
1/18/2024 12:00:00 AM,3/3/2024 12:00:00 AM,10755,3797,6958
1/18/2024 12:00:00 AM,3/4/2024 12:00:00 AM,12695,3797,8898
1/18/2024 12:00:00 AM,3/5/2024 12:00:00 AM,12722,3824,8898
1/18/2024 12:00:00 AM,3/6/2024 12:00:00 AM,12721,4584,8137
1/18/2024 12:00:00 AM,3/7/2024 12:00:00 AM,12721,4584,8137
1/18/2024 12:00:00 AM,3/8/2024 12:00:00 AM,12925,4737,8188
1/18/2024 12:00:00 AM,3/9/2024 12:00:00 AM,16846,8053,8793
1/18/2024 12:00:00 AM,3/10/2024 12:00:00 AM,17619,7850,9769
1/18/2024 12:00:00 AM,3/11/2024 12:00:00 AM,17915,7930,9985
1/18/2024 12:00:00 AM,3/12/2024 12:00:00 AM,18000,8015,9985
1/18/2024 12:00:00 AM,3/13/2024 12:00:00 AM,17907,8104,9803
1/18/2024 12:00:00 AM,3/14/2024 12:00:00 AM,17608,8183,9425
1/18/2024 12:00:00 AM,3/15/2024 12:00:00 AM,17978,8490,9488
1/18/2024 12:00:00 AM,3/16/2024 12:00:00 AM,20228,9305,10923
1/18/2024 12:00:00 AM,3/17/2024 12:00:00 AM,21472,9542,11930
1/18/2024 12:00:00 AM,3/18/2024 12:00:00 AM,22428,10302,12126
1/18/2024 12:00:00 AM,3/19/2024 12:00:00 AM,21546,10008,11538
1/18/2024 12:00:00 AM,3/20/2024 12:00:00 AM,21351,9919,11432
1/18/2024 12:00:00 AM,3/21/2024 12:00:00 AM,20604,9763,10841
1/18/2024 12:00:00 AM,3/22/2024 12:00:00 AM,21014,9810,11204
1/18/2024 12:00:00 AM,3/23/2024 12:00:00 AM,24821,11439,13382
1/18/2024 12:00:00 AM,3/24/2024 12:00:00 AM,25707,11945,13762
1/18/2024 12:00:00 AM,3/25/2024 12:00:00 AM,26177,12034,14143
1/18/2024 12:00:00 AM,3/26/2024 12:00:00 AM,25860,11881,13979
1/18/2024 12:00:00 AM,3/27/2024 12:00:00 AM,25067,11178,13889
1/18/2024 12:00:00 AM,3/28/2024 12:00:00 AM,24873,10993,13880
1/18/2024 12:00:00 AM,3/29/2024 12:00:00 AM,24153,9705,14448
1/18/2024 12:00:00 AM,3/30/2024 12:00:00 AM,27247,11728,15519
1/18/2024 12:00:00 AM,3/31/2024 12:00:00 AM,28681,12968,15713
1/18/2024 12:00:00 AM,4/1/2024 12:00:00 AM,29702,13649,16053
1/18/2024 12:00:00 AM,4/2/2024 12:00:00 AM,28725,13747,14978
1/18/2024 12:00:00 AM,4/3/2024 12:00:00 AM,29280,13651,15629
1/18/2024 12:00:00 AM,4/4/2024 12:00:00 AM,29404,13631,15773
1/18/2024 12:00:00 AM,4/5/2024 12:00:00 AM,29683,13910,15773
1/18/2024 12:00:00 AM,4/6/2024 12:00:00 AM,36697,18094,18603
1/18/2024 12:00:00 AM,4/7/2024 12:00:00 AM,39200,20244,18956
1/18/2024 12:00:00 AM,4/8/2024 12:00:00 AM,38978,18645,20333
1/18/2024 12:00:00 AM,4/9/2024 12:00:00 AM,39738,19446,20292
1/18/2024 12:00:00 AM,4/10/2024 12:00:00 AM,40478,20785,19693
1/18/2024 12:00:00 AM,4/11/2024 12:00:00 AM,39423,20576,18847
1/18/2024 12:00:00 AM,4/12/2024 12:00:00 AM,42832,21155,21677
1/18/2024 12:00:00 AM,4/13/2024 12:00:00 AM,45208,23110,22098
1/18/2024 12:00:00 AM,4/14/2024 12:00:00 AM,45920,24375,21545
1/18/2024 12:00:00 AM,4/15/2024 12:00:00 AM,46384,25141,21243
1/18/2024 12:00:00 AM,4/16/2024 12:00:00 AM,43993,25307,18686
1/18/2024 12:00:00 AM,4/17/2024 12:00:00 AM,42547,25245,17302
1/18/2024 12:00:00 AM,4/18/2024 12:00:00 AM,41642,24340,17302
1/17/2024 12:00:00 AM,1/18/2024 12:00:00 AM,2210,23,2187
1/17/2024 12:00:00 AM,1/19/2024 12:00:00 AM,2180,26,2154
1/17/2024 12:00:00 AM,1/20/2024 12:00:00 AM,2180,26,2154
1/17/2024 12:00:00 AM,1/21/2024 12:00:00 AM,1475,26,1449
1/17/2024 12:00:00 AM,1/22/2024 12:00:00 AM,2046,599,1447
1/17/2024 12:00:00 AM,1/23/2024 12:00:00 AM,1563,116,1447
1/17/2024 12:00:00 AM,1/24/2024 12:00:00 AM,1696,116,1580
1/17/2024 12:00:00 AM,1/25/2024 12:00:00 AM,1696,116,1580
1/17/2024 12:00:00 AM,1/26/2024 12:00:00 AM,1656,119,1537
1/17/2024 12:00:00 AM,1/27/2024 12:00:00 AM,1523,119,1404
1/17/2024 12:00:00 AM,1/28/2024 12:00:00 AM,1523,119,1404
1/17/2024 12:00:00 AM,1/29/2024 12:00:00 AM,1586,119,1467
1/17/2024 12:00:00 AM,1/30/2024 12:00:00 AM,1582,115,1467
1/17/2024 12:00:00 AM,1/31/2024 12:00:00 AM,1734,115,1619
1/17/2024 12:00:00 AM,2/1/2024 12:00:00 AM,1734,115,1619
1/17/2024 12:00:00 AM,2/2/2024 12:00:00 AM,1719,118,1601
1/17/2024 12:00:00 AM,2/3/2024 12:00:00 AM,1719,118,1601
1/17/2024 12:00:00 AM,2/4/2024 12:00:00 AM,1719,118,1601
1/17/2024 12:00:00 AM,2/5/2024 12:00:00 AM,1960,26,1934
1/17/2024 12:00:00 AM,2/6/2024 12:00:00 AM,1957,23,1934
1/17/2024 12:00:00 AM,2/7/2024 12:00:00 AM,1957,23,1934
1/17/2024 12:00:00 AM,2/8/2024 12:00:00 AM,1957,23,1934
1/17/2024 12:00:00 AM,2/9/2024 12:00:00 AM,1942,26,1916
1/17/2024 12:00:00 AM,2/10/2024 12:00:00 AM,1897,26,1871
1/17/2024 12:00:00 AM,2/11/2024 12:00:00 AM,1897,26,1871
1/17/2024 12:00:00 AM,2/12/2024 12:00:00 AM,2889,26,2863
1/17/2024 12:00:00 AM,2/13/2024 12:00:00 AM,2886,23,2863
1/17/2024 12:00:00 AM,2/14/2024 12:00:00 AM,2886,23,2863
1/17/2024 12:00:00 AM,2/15/2024 12:00:00 AM,2886,23,2863
1/17/2024 12:00:00 AM,2/16/2024 12:00:00 AM,2719,26,2693
1/17/2024 12:00:00 AM,2/17/2024 12:00:00 AM,2931,251,2680
1/17/2024 12:00:00 AM,2/18/2024 12:00:00 AM,3433,251,3182
1/17/2024 12:00:00 AM,2/19/2024 12:00:00 AM,4677,1432,3245
1/17/2024 12:00:00 AM,2/20/2024 12:00:00 AM,5910,2121,3789
1/17/2024 12:00:00 AM,2/21/2024 12:00:00 AM,5952,2121,3831
1/17/2024 12:00:00 AM,2/22/2024 12:00:00 AM,5910,2121,3789
1/17/2024 12:00:00 AM,2/23/2024 12:00:00 AM,5895,2124,3771
1/17/2024 12:00:00 AM,2/24/2024 12:00:00 AM,7171,2124,5047
1/17/2024 12:00:00 AM,2/25/2024 12:00:00 AM,7171,2124,5047
1/17/2024 12:00:00 AM,2/26/2024 12:00:00 AM,7329,2124,5205
1/17/2024 12:00:00 AM,2/27/2024 12:00:00 AM,7301,2121,5180
1/17/2024 12:00:00 AM,2/28/2024 12:00:00 AM,7301,2121,5180
1/17/2024 12:00:00 AM,2/29/2024 12:00:00 AM,7301,2121,5180
1/17/2024 12:00:00 AM,3/1/2024 12:00:00 AM,8223,2465,5758
1/17/2024 12:00:00 AM,3/2/2024 12:00:00 AM,8555,2677,5878
1/17/2024 12:00:00 AM,3/3/2024 12:00:00 AM,10253,3797,6456
1/17/2024 12:00:00 AM,3/4/2024 12:00:00 AM,12193,3797,8396
1/17/2024 12:00:00 AM,3/5/2024 12:00:00 AM,12220,3824,8396
1/17/2024 12:00:00 AM,3/6/2024 12:00:00 AM,12219,4584,7635
1/17/2024 12:00:00 AM,3/7/2024 12:00:00 AM,12219,4584,7635
1/17/2024 12:00:00 AM,3/8/2024 12:00:00 AM,12423,4737,7686
1/17/2024 12:00:00 AM,3/9/2024 12:00:00 AM,16846,8053,8793
1/17/2024 12:00:00 AM,3/10/2024 12:00:00 AM,17619,7850,9769
1/17/2024 12:00:00 AM,3/11/2024 12:00:00 AM,17915,7930,9985
1/17/2024 12:00:00 AM,3/12/2024 12:00:00 AM,18000,8015,9985
1/17/2024 12:00:00 AM,3/13/2024 12:00:00 AM,17907,8104,9803
1/17/2024 12:00:00 AM,3/14/2024 12:00:00 AM,17608,8183,9425
1/17/2024 12:00:00 AM,3/15/2024 12:00:00 AM,17978,8490,9488
1/17/2024 12:00:00 AM,3/16/2024 12:00:00 AM,21344,10421,10923
1/17/2024 12:00:00 AM,3/17/2024 12:00:00 AM,22588,10658,11930
1/17/2024 12:00:00 AM,3/18/2024 12:00:00 AM,23544,11418,12126
1/17/2024 12:00:00 AM,3/19/2024 12:00:00 AM,22662,11124,11538
1/17/2024 12:00:00 AM,3/20/2024 12:00:00 AM,22467,11035,11432
1/17/2024 12:00:00 AM,3/21/2024 12:00:00 AM,21720,10879,10841
1/17/2024 12:00:00 AM,3/22/2024 12:00:00 AM,22130,10926,11204
1/17/2024 12:00:00 AM,3/23/2024 12:00:00 AM,25937,12555,13382
1/17/2024 12:00:00 AM,3/24/2024 12:00:00 AM,26823,13061,13762
1/17/2024 12:00:00 AM,3/25/2024 12:00:00 AM,27293,13150,14143
1/17/2024 12:00:00 AM,3/26/2024 12:00:00 AM,26976,12997,13979
1/17/2024 12:00:00 AM,3/27/2024 12:00:00 AM,26183,12294,13889
1/17/2024 12:00:00 AM,3/28/2024 12:00:00 AM,25989,12109,13880
1/17/2024 12:00:00 AM,3/29/2024 12:00:00 AM,25269,10821,14448
1/17/2024 12:00:00 AM,3/30/2024 12:00:00 AM,27805,12286,15519
1/17/2024 12:00:00 AM,3/31/2024 12:00:00 AM,29239,13526,15713
1/17/2024 12:00:00 AM,4/1/2024 12:00:00 AM,29882,14207,15675
1/17/2024 12:00:00 AM,4/2/2024 12:00:00 AM,28873,14305,14568
1/17/2024 12:00:00 AM,4/3/2024 12:00:00 AM,29428,14209,15219
1/17/2024 12:00:00 AM,4/4/2024 12:00:00 AM,29552,14189,15363
1/17/2024 12:00:00 AM,4/5/2024 12:00:00 AM,30654,15291,15363
1/17/2024 12:00:00 AM,4/6/2024 12:00:00 AM,37668,19475,18193
1/17/2024 12:00:00 AM,4/7/2024 12:00:00 AM,40171,21625,18546
1/17/2024 12:00:00 AM,4/8/2024 12:00:00 AM,39391,19468,19923
1/17/2024 12:00:00 AM,4/9/2024 12:00:00 AM,40151,20269,19882
1/17/2024 12:00:00 AM,4/10/2024 12:00:00 AM,40333,21050,19283
1/17/2024 12:00:00 AM,4/11/2024 12:00:00 AM,39278,20841,18437
1/17/2024 12:00:00 AM,4/12/2024 12:00:00 AM,42129,20862,21267
1/17/2024 12:00:00 AM,4/13/2024 12:00:00 AM,43682,21994,21688
1/17/2024 12:00:00 AM,4/14/2024 12:00:00 AM,44394,23259,21135
1/17/2024 12:00:00 AM,4/15/2024 12:00:00 AM,44858,24025,20833
1/17/2024 12:00:00 AM,4/16/2024 12:00:00 AM,42467,24191,18276
1/17/2024 12:00:00 AM,4/17/2024 12:00:00 AM,41021,24129,16892
1/16/2024 12:00:00 AM,1/17/2024 12:00:00 AM,2210,23,2187
1/16/2024 12:00:00 AM,1/18/2024 12:00:00 AM,2210,23,2187
1/16/2024 12:00:00 AM,1/19/2024 12:00:00 AM,2180,26,2154
1/16/2024 12:00:00 AM,1/20/2024 12:00:00 AM,2180,26,2154
1/16/2024 12:00:00 AM,1/21/2024 12:00:00 AM,1475,26,1449
1/16/2024 12:00:00 AM,1/22/2024 12:00:00 AM,2046,599,1447
1/16/2024 12:00:00 AM,1/23/2024 12:00:00 AM,1563,116,1447
1/16/2024 12:00:00 AM,1/24/2024 12:00:00 AM,1696,116,1580
1/16/2024 12:00:00 AM,1/25/2024 12:00:00 AM,1696,116,1580
1/16/2024 12:00:00 AM,1/26/2024 12:00:00 AM,1656,119,1537
1/16/2024 12:00:00 AM,1/27/2024 12:00:00 AM,1523,119,1404
1/16/2024 12:00:00 AM,1/28/2024 12:00:00 AM,1523,119,1404
1/16/2024 12:00:00 AM,1/29/2024 12:00:00 AM,1586,119,1467
1/16/2024 12:00:00 AM,1/30/2024 12:00:00 AM,1582,115,1467
1/16/2024 12:00:00 AM,1/31/2024 12:00:00 AM,1734,115,1619
1/16/2024 12:00:00 AM,2/1/2024 12:00:00 AM,1734,115,1619
1/16/2024 12:00:00 AM,2/2/2024 12:00:00 AM,1719,118,1601
1/16/2024 12:00:00 AM,2/3/2024 12:00:00 AM,1719,118,1601
1/16/2024 12:00:00 AM,2/4/2024 12:00:00 AM,1719,118,1601
1/16/2024 12:00:00 AM,2/5/2024 12:00:00 AM,1960,26,1934
1/16/2024 12:00:00 AM,2/6/2024 12:00:00 AM,1957,23,1934
1/16/2024 12:00:00 AM,2/7/2024 12:00:00 AM,1957,23,1934
1/16/2024 12:00:00 AM,2/8/2024 12:00:00 AM,1957,23,1934
1/16/2024 12:00:00 AM,2/9/2024 12:00:00 AM,1942,26,1916
1/16/2024 12:00:00 AM,2/10/2024 12:00:00 AM,1897,26,1871
1/16/2024 12:00:00 AM,2/11/2024 12:00:00 AM,1897,26,1871
1/16/2024 12:00:00 AM,2/12/2024 12:00:00 AM,2889,26,2863
1/16/2024 12:00:00 AM,2/13/2024 12:00:00 AM,2886,23,2863
1/16/2024 12:00:00 AM,2/14/2024 12:00:00 AM,2886,23,2863
1/16/2024 12:00:00 AM,2/15/2024 12:00:00 AM,2886,23,2863
1/16/2024 12:00:00 AM,2/16/2024 12:00:00 AM,2719,26,2693
1/16/2024 12:00:00 AM,2/17/2024 12:00:00 AM,2931,251,2680
1/16/2024 12:00:00 AM,2/18/2024 12:00:00 AM,3433,251,3182
1/16/2024 12:00:00 AM,2/19/2024 12:00:00 AM,4677,1432,3245
1/16/2024 12:00:00 AM,2/20/2024 12:00:00 AM,5910,2121,3789
1/16/2024 12:00:00 AM,2/21/2024 12:00:00 AM,5952,2121,3831
1/16/2024 12:00:00 AM,2/22/2024 12:00:00 AM,5910,2121,3789
1/16/2024 12:00:00 AM,2/23/2024 12:00:00 AM,5895,2124,3771
1/16/2024 12:00:00 AM,2/24/2024 12:00:00 AM,7171,2124,5047
1/16/2024 12:00:00 AM,2/25/2024 12:00:00 AM,7171,2124,5047
1/16/2024 12:00:00 AM,2/26/2024 12:00:00 AM,7329,2124,5205
1/16/2024 12:00:00 AM,2/27/2024 12:00:00 AM,7301,2121,5180
1/16/2024 12:00:00 AM,2/28/2024 12:00:00 AM,7301,2121,5180
1/16/2024 12:00:00 AM,2/29/2024 12:00:00 AM,7301,2121,5180
1/16/2024 12:00:00 AM,3/1/2024 12:00:00 AM,8223,2465,5758
1/16/2024 12:00:00 AM,3/2/2024 12:00:00 AM,8370,2492,5878
1/16/2024 12:00:00 AM,3/3/2024 12:00:00 AM,10068,3612,6456
1/16/2024 12:00:00 AM,3/4/2024 12:00:00 AM,12008,3612,8396
1/16/2024 12:00:00 AM,3/5/2024 12:00:00 AM,12035,3639,8396
1/16/2024 12:00:00 AM,3/6/2024 12:00:00 AM,12034,4399,7635
1/16/2024 12:00:00 AM,3/7/2024 12:00:00 AM,12034,4399,7635
1/16/2024 12:00:00 AM,3/8/2024 12:00:00 AM,12238,4552,7686
1/16/2024 12:00:00 AM,3/9/2024 12:00:00 AM,16661,7868,8793
1/16/2024 12:00:00 AM,3/10/2024 12:00:00 AM,17434,7665,9769
1/16/2024 12:00:00 AM,3/11/2024 12:00:00 AM,17730,7745,9985
1/16/2024 12:00:00 AM,3/12/2024 12:00:00 AM,17815,7830,9985
1/16/2024 12:00:00 AM,3/13/2024 12:00:00 AM,17722,7919,9803
1/16/2024 12:00:00 AM,3/14/2024 12:00:00 AM,17423,7998,9425
1/16/2024 12:00:00 AM,3/15/2024 12:00:00 AM,17793,8305,9488
1/16/2024 12:00:00 AM,3/16/2024 12:00:00 AM,21159,10236,10923
1/16/2024 12:00:00 AM,3/17/2024 12:00:00 AM,22403,10473,11930
1/16/2024 12:00:00 AM,3/18/2024 12:00:00 AM,23354,11228,12126
1/16/2024 12:00:00 AM,3/19/2024 12:00:00 AM,22472,10934,11538
1/16/2024 12:00:00 AM,3/20/2024 12:00:00 AM,22277,10845,11432
1/16/2024 12:00:00 AM,3/21/2024 12:00:00 AM,21530,10689,10841
1/16/2024 12:00:00 AM,3/22/2024 12:00:00 AM,21940,10736,11204
1/16/2024 12:00:00 AM,3/23/2024 12:00:00 AM,25747,12365,13382
1/16/2024 12:00:00 AM,3/24/2024 12:00:00 AM,26633,12871,13762
1/16/2024 12:00:00 AM,3/25/2024 12:00:00 AM,27103,12960,14143
1/16/2024 12:00:00 AM,3/26/2024 12:00:00 AM,26786,12807,13979
1/16/2024 12:00:00 AM,3/27/2024 12:00:00 AM,25826,11937,13889
1/16/2024 12:00:00 AM,3/28/2024 12:00:00 AM,25817,11937,13880
1/16/2024 12:00:00 AM,3/29/2024 12:00:00 AM,25097,10649,14448
1/16/2024 12:00:00 AM,3/30/2024 12:00:00 AM,27633,12114,15519
1/16/2024 12:00:00 AM,3/31/2024 12:00:00 AM,29067,13354,15713
1/16/2024 12:00:00 AM,4/1/2024 12:00:00 AM,29715,14040,15675
1/16/2024 12:00:00 AM,4/2/2024 12:00:00 AM,28706,14138,14568
1/16/2024 12:00:00 AM,4/3/2024 12:00:00 AM,29261,14042,15219
1/16/2024 12:00:00 AM,4/4/2024 12:00:00 AM,29385,14022,15363
1/16/2024 12:00:00 AM,4/5/2024 12:00:00 AM,30487,15124,15363
1/16/2024 12:00:00 AM,4/6/2024 12:00:00 AM,37501,19308,18193
1/16/2024 12:00:00 AM,4/7/2024 12:00:00 AM,40004,21458,18546
1/16/2024 12:00:00 AM,4/8/2024 12:00:00 AM,39305,19302,20003
1/16/2024 12:00:00 AM,4/9/2024 12:00:00 AM,40065,20103,19962
1/16/2024 12:00:00 AM,4/10/2024 12:00:00 AM,40247,20884,19363
1/16/2024 12:00:00 AM,4/11/2024 12:00:00 AM,39192,20675,18517
1/16/2024 12:00:00 AM,4/12/2024 12:00:00 AM,42043,20696,21347
1/16/2024 12:00:00 AM,4/13/2024 12:00:00 AM,43596,21828,21768
1/16/2024 12:00:00 AM,4/14/2024 12:00:00 AM,44308,23093,21215
1/16/2024 12:00:00 AM,4/15/2024 12:00:00 AM,44692,23859,20833
1/16/2024 12:00:00 AM,4/16/2024 12:00:00 AM,42301,24025,18276
1/15/2024 12:00:00 AM,1/16/2024 12:00:00 AM,2287,23,2264
1/15/2024 12:00:00 AM,1/17/2024 12:00:00 AM,2302,23,2279
1/15/2024 12:00:00 AM,1/18/2024 12:00:00 AM,2302,23,2279
1/15/2024 12:00:00 AM,1/19/2024 12:00:00 AM,2272,26,2246
1/15/2024 12:00:00 AM,1/20/2024 12:00:00 AM,2192,26,2166
1/15/2024 12:00:00 AM,1/21/2024 12:00:00 AM,1487,26,1461
1/15/2024 12:00:00 AM,1/22/2024 12:00:00 AM,2058,599,1459
1/15/2024 12:00:00 AM,1/23/2024 12:00:00 AM,1575,116,1459
1/15/2024 12:00:00 AM,1/24/2024 12:00:00 AM,1708,116,1592
1/15/2024 12:00:00 AM,1/25/2024 12:00:00 AM,1708,116,1592
1/15/2024 12:00:00 AM,1/26/2024 12:00:00 AM,1668,119,1549
1/15/2024 12:00:00 AM,1/27/2024 12:00:00 AM,1535,119,1416
1/15/2024 12:00:00 AM,1/28/2024 12:00:00 AM,1535,119,1416
1/15/2024 12:00:00 AM,1/29/2024 12:00:00 AM,1598,119,1479
1/15/2024 12:00:00 AM,1/30/2024 12:00:00 AM,1594,115,1479
1/15/2024 12:00:00 AM,1/31/2024 12:00:00 AM,1734,115,1619
1/15/2024 12:00:00 AM,2/1/2024 12:00:00 AM,1734,115,1619
1/15/2024 12:00:00 AM,2/2/2024 12:00:00 AM,1719,118,1601
1/15/2024 12:00:00 AM,2/3/2024 12:00:00 AM,1719,118,1601
1/15/2024 12:00:00 AM,2/4/2024 12:00:00 AM,1719,118,1601
1/15/2024 12:00:00 AM,2/5/2024 12:00:00 AM,1960,26,1934
1/15/2024 12:00:00 AM,2/6/2024 12:00:00 AM,1957,23,1934
1/15/2024 12:00:00 AM,2/7/2024 12:00:00 AM,1957,23,1934
1/15/2024 12:00:00 AM,2/8/2024 12:00:00 AM,1957,23,1934
1/15/2024 12:00:00 AM,2/9/2024 12:00:00 AM,1942,26,1916
1/15/2024 12:00:00 AM,2/10/2024 12:00:00 AM,1897,26,1871
1/15/2024 12:00:00 AM,2/11/2024 12:00:00 AM,1897,26,1871
1/15/2024 12:00:00 AM,2/12/2024 12:00:00 AM,2889,26,2863
1/15/2024 12:00:00 AM,2/13/2024 12:00:00 AM,2886,23,2863
1/15/2024 12:00:00 AM,2/14/2024 12:00:00 AM,2886,23,2863
1/15/2024 12:00:00 AM,2/15/2024 12:00:00 AM,2886,23,2863
1/15/2024 12:00:00 AM,2/16/2024 12:00:00 AM,2719,26,2693
1/15/2024 12:00:00 AM,2/17/2024 12:00:00 AM,2931,251,2680
1/15/2024 12:00:00 AM,2/18/2024 12:00:00 AM,3433,251,3182
1/15/2024 12:00:00 AM,2/19/2024 12:00:00 AM,4627,1382,3245
1/15/2024 12:00:00 AM,2/20/2024 12:00:00 AM,5860,2071,3789
1/15/2024 12:00:00 AM,2/21/2024 12:00:00 AM,5902,2071,3831
1/15/2024 12:00:00 AM,2/22/2024 12:00:00 AM,5860,2071,3789
1/15/2024 12:00:00 AM,2/23/2024 12:00:00 AM,5845,2074,3771
1/15/2024 12:00:00 AM,2/24/2024 12:00:00 AM,7121,2074,5047
1/15/2024 12:00:00 AM,2/25/2024 12:00:00 AM,7121,2074,5047
1/15/2024 12:00:00 AM,2/26/2024 12:00:00 AM,7279,2074,5205
1/15/2024 12:00:00 AM,2/27/2024 12:00:00 AM,7251,2071,5180
1/15/2024 12:00:00 AM,2/28/2024 12:00:00 AM,7251,2071,5180
1/15/2024 12:00:00 AM,2/29/2024 12:00:00 AM,7251,2071,5180
1/15/2024 12:00:00 AM,3/1/2024 12:00:00 AM,8173,2415,5758
1/15/2024 12:00:00 AM,3/2/2024 12:00:00 AM,8320,2442,5878
1/15/2024 12:00:00 AM,3/3/2024 12:00:00 AM,10018,3562,6456
1/15/2024 12:00:00 AM,3/4/2024 12:00:00 AM,11958,3562,8396
1/15/2024 12:00:00 AM,3/5/2024 12:00:00 AM,12035,3639,8396
1/15/2024 12:00:00 AM,3/6/2024 12:00:00 AM,12034,4399,7635
1/15/2024 12:00:00 AM,3/7/2024 12:00:00 AM,12034,4399,7635
1/15/2024 12:00:00 AM,3/8/2024 12:00:00 AM,12238,4552,7686
1/15/2024 12:00:00 AM,3/9/2024 12:00:00 AM,16661,7868,8793
1/15/2024 12:00:00 AM,3/10/2024 12:00:00 AM,17434,7665,9769
1/15/2024 12:00:00 AM,3/11/2024 12:00:00 AM,17730,7745,9985
1/15/2024 12:00:00 AM,3/12/2024 12:00:00 AM,17815,7830,9985
1/15/2024 12:00:00 AM,3/13/2024 12:00:00 AM,17722,7919,9803
1/15/2024 12:00:00 AM,3/14/2024 12:00:00 AM,17423,7998,9425
1/15/2024 12:00:00 AM,3/15/2024 12:00:00 AM,17793,8305,9488
1/15/2024 12:00:00 AM,3/16/2024 12:00:00 AM,21159,10236,10923
1/15/2024 12:00:00 AM,3/17/2024 12:00:00 AM,22403,10473,11930
1/15/2024 12:00:00 AM,3/18/2024 12:00:00 AM,23354,11228,12126
1/15/2024 12:00:00 AM,3/19/2024 12:00:00 AM,22472,10934,11538
1/15/2024 12:00:00 AM,3/20/2024 12:00:00 AM,22277,10845,11432
1/15/2024 12:00:00 AM,3/21/2024 12:00:00 AM,21530,10689,10841
1/15/2024 12:00:00 AM,3/22/2024 12:00:00 AM,21940,10736,11204
1/15/2024 12:00:00 AM,3/23/2024 12:00:00 AM,25747,12365,13382
1/15/2024 12:00:00 AM,3/24/2024 12:00:00 AM,26633,12871,13762
1/15/2024 12:00:00 AM,3/25/2024 12:00:00 AM,27103,12960,14143
1/15/2024 12:00:00 AM,3/26/2024 12:00:00 AM,26786,12807,13979
1/15/2024 12:00:00 AM,3/27/2024 12:00:00 AM,25826,11937,13889
1/15/2024 12:00:00 AM,3/28/2024 12:00:00 AM,25817,11937,13880
1/15/2024 12:00:00 AM,3/29/2024 12:00:00 AM,25097,10649,14448
1/15/2024 12:00:00 AM,3/30/2024 12:00:00 AM,27633,12114,15519
1/15/2024 12:00:00 AM,3/31/2024 12:00:00 AM,29067,13354,15713
1/15/2024 12:00:00 AM,4/1/2024 12:00:00 AM,29467,13792,15675
1/15/2024 12:00:00 AM,4/2/2024 12:00:00 AM,28458,13890,14568
1/15/2024 12:00:00 AM,4/3/2024 12:00:00 AM,29013,13794,15219
1/15/2024 12:00:00 AM,4/4/2024 12:00:00 AM,29137,13774,15363
1/15/2024 12:00:00 AM,4/5/2024 12:00:00 AM,30239,14876,15363
1/15/2024 12:00:00 AM,4/6/2024 12:00:00 AM,37253,19060,18193
1/15/2024 12:00:00 AM,4/7/2024 12:00:00 AM,39756,21210,18546
1/15/2024 12:00:00 AM,4/8/2024 12:00:00 AM,39255,19252,20003
1/15/2024 12:00:00 AM,4/9/2024 12:00:00 AM,40015,20053,19962
1/15/2024 12:00:00 AM,4/10/2024 12:00:00 AM,40197,20834,19363
1/15/2024 12:00:00 AM,4/11/2024 12:00:00 AM,39142,20625,18517
1/15/2024 12:00:00 AM,4/12/2024 12:00:00 AM,41993,20646,21347
1/15/2024 12:00:00 AM,4/13/2024 12:00:00 AM,43546,21778,21768
1/15/2024 12:00:00 AM,4/14/2024 12:00:00 AM,44258,23043,21215
1/15/2024 12:00:00 AM,4/15/2024 12:00:00 AM,44642,23809,20833
1/14/2024 12:00:00 AM,1/15/2024 12:00:00 AM,2287,23,2264
1/14/2024 12:00:00 AM,1/16/2024 12:00:00 AM,2287,23,2264
1/14/2024 12:00:00 AM,1/17/2024 12:00:00 AM,2302,23,2279
1/14/2024 12:00:00 AM,1/18/2024 12:00:00 AM,2302,23,2279
1/14/2024 12:00:00 AM,1/19/2024 12:00:00 AM,2272,26,2246
1/14/2024 12:00:00 AM,1/20/2024 12:00:00 AM,2192,26,2166
1/14/2024 12:00:00 AM,1/21/2024 12:00:00 AM,1487,26,1461
1/14/2024 12:00:00 AM,1/22/2024 12:00:00 AM,2058,599,1459
1/14/2024 12:00:00 AM,1/23/2024 12:00:00 AM,1575,116,1459
1/14/2024 12:00:00 AM,1/24/2024 12:00:00 AM,1708,116,1592
1/14/2024 12:00:00 AM,1/25/2024 12:00:00 AM,1708,116,1592
1/14/2024 12:00:00 AM,1/26/2024 12:00:00 AM,1668,119,1549
1/14/2024 12:00:00 AM,1/27/2024 12:00:00 AM,1535,119,1416
1/14/2024 12:00:00 AM,1/28/2024 12:00:00 AM,1535,119,1416
1/14/2024 12:00:00 AM,1/29/2024 12:00:00 AM,1598,119,1479
1/14/2024 12:00:00 AM,1/30/2024 12:00:00 AM,1594,115,1479
1/14/2024 12:00:00 AM,1/31/2024 12:00:00 AM,1734,115,1619
1/14/2024 12:00:00 AM,2/1/2024 12:00:00 AM,1734,115,1619
1/14/2024 12:00:00 AM,2/2/2024 12:00:00 AM,1719,118,1601
1/14/2024 12:00:00 AM,2/3/2024 12:00:00 AM,1719,118,1601
1/14/2024 12:00:00 AM,2/4/2024 12:00:00 AM,1719,118,1601
1/14/2024 12:00:00 AM,2/5/2024 12:00:00 AM,1960,26,1934
1/14/2024 12:00:00 AM,2/6/2024 12:00:00 AM,1957,23,1934
1/14/2024 12:00:00 AM,2/7/2024 12:00:00 AM,1957,23,1934
1/14/2024 12:00:00 AM,2/8/2024 12:00:00 AM,1957,23,1934
1/14/2024 12:00:00 AM,2/9/2024 12:00:00 AM,1942,26,1916
1/14/2024 12:00:00 AM,2/10/2024 12:00:00 AM,1897,26,1871
1/14/2024 12:00:00 AM,2/11/2024 12:00:00 AM,1897,26,1871
1/14/2024 12:00:00 AM,2/12/2024 12:00:00 AM,2889,26,2863
1/14/2024 12:00:00 AM,2/13/2024 12:00:00 AM,2886,23,2863
1/14/2024 12:00:00 AM,2/14/2024 12:00:00 AM,2886,23,2863
1/14/2024 12:00:00 AM,2/15/2024 12:00:00 AM,2886,23,2863
1/14/2024 12:00:00 AM,2/16/2024 12:00:00 AM,2719,26,2693
1/14/2024 12:00:00 AM,2/17/2024 12:00:00 AM,2931,251,2680
1/14/2024 12:00:00 AM,2/18/2024 12:00:00 AM,3433,251,3182
1/14/2024 12:00:00 AM,2/19/2024 12:00:00 AM,4627,1382,3245
1/14/2024 12:00:00 AM,2/20/2024 12:00:00 AM,5860,2071,3789
1/14/2024 12:00:00 AM,2/21/2024 12:00:00 AM,5902,2071,3831
1/14/2024 12:00:00 AM,2/22/2024 12:00:00 AM,5860,2071,3789
1/14/2024 12:00:00 AM,2/23/2024 12:00:00 AM,5845,2074,3771
1/14/2024 12:00:00 AM,2/24/2024 12:00:00 AM,7121,2074,5047
1/14/2024 12:00:00 AM,2/25/2024 12:00:00 AM,7121,2074,5047
1/14/2024 12:00:00 AM,2/26/2024 12:00:00 AM,7279,2074,5205
1/14/2024 12:00:00 AM,2/27/2024 12:00:00 AM,7251,2071,5180
1/14/2024 12:00:00 AM,2/28/2024 12:00:00 AM,7251,2071,5180
1/14/2024 12:00:00 AM,2/29/2024 12:00:00 AM,7251,2071,5180
1/14/2024 12:00:00 AM,3/1/2024 12:00:00 AM,8173,2415,5758
1/14/2024 12:00:00 AM,3/2/2024 12:00:00 AM,8320,2442,5878
1/14/2024 12:00:00 AM,3/3/2024 12:00:00 AM,10018,3562,6456
1/14/2024 12:00:00 AM,3/4/2024 12:00:00 AM,11940,3562,8378
1/14/2024 12:00:00 AM,3/5/2024 12:00:00 AM,12017,3639,8378
1/14/2024 12:00:00 AM,3/6/2024 12:00:00 AM,12016,4399,7617
1/14/2024 12:00:00 AM,3/7/2024 12:00:00 AM,12016,4399,7617
1/14/2024 12:00:00 AM,3/8/2024 12:00:00 AM,12220,4552,7668
1/14/2024 12:00:00 AM,3/9/2024 12:00:00 AM,16661,7868,8793
1/14/2024 12:00:00 AM,3/10/2024 12:00:00 AM,17434,7665,9769
1/14/2024 12:00:00 AM,3/11/2024 12:00:00 AM,17730,7745,9985
1/14/2024 12:00:00 AM,3/12/2024 12:00:00 AM,17815,7830,9985
1/14/2024 12:00:00 AM,3/13/2024 12:00:00 AM,17722,7919,9803
1/14/2024 12:00:00 AM,3/14/2024 12:00:00 AM,17423,7998,9425
1/14/2024 12:00:00 AM,3/15/2024 12:00:00 AM,17793,8305,9488
1/14/2024 12:00:00 AM,3/16/2024 12:00:00 AM,21159,10236,10923
1/14/2024 12:00:00 AM,3/17/2024 12:00:00 AM,22403,10473,11930
1/14/2024 12:00:00 AM,3/18/2024 12:00:00 AM,23354,11228,12126
1/14/2024 12:00:00 AM,3/19/2024 12:00:00 AM,22472,10934,11538
1/14/2024 12:00:00 AM,3/20/2024 12:00:00 AM,22277,10845,11432
1/14/2024 12:00:00 AM,3/21/2024 12:00:00 AM,21530,10689,10841
1/14/2024 12:00:00 AM,3/22/2024 12:00:00 AM,21940,10736,11204
1/14/2024 12:00:00 AM,3/23/2024 12:00:00 AM,25747,12365,13382
1/14/2024 12:00:00 AM,3/24/2024 12:00:00 AM,26688,12871,13817
1/14/2024 12:00:00 AM,3/25/2024 12:00:00 AM,27158,12960,14198
1/14/2024 12:00:00 AM,3/26/2024 12:00:00 AM,26786,12807,13979
1/14/2024 12:00:00 AM,3/27/2024 12:00:00 AM,25881,11937,13944
1/14/2024 12:00:00 AM,3/28/2024 12:00:00 AM,25872,11937,13935
1/14/2024 12:00:00 AM,3/29/2024 12:00:00 AM,25097,10649,14448
1/14/2024 12:00:00 AM,3/30/2024 12:00:00 AM,27633,12114,15519
1/14/2024 12:00:00 AM,3/31/2024 12:00:00 AM,29067,13354,15713
1/14/2024 12:00:00 AM,4/1/2024 12:00:00 AM,29467,13792,15675
1/14/2024 12:00:00 AM,4/2/2024 12:00:00 AM,28458,13890,14568
1/14/2024 12:00:00 AM,4/3/2024 12:00:00 AM,29013,13794,15219
1/14/2024 12:00:00 AM,4/4/2024 12:00:00 AM,29137,13774,15363
1/14/2024 12:00:00 AM,4/5/2024 12:00:00 AM,30239,14876,15363
1/14/2024 12:00:00 AM,4/6/2024 12:00:00 AM,37253,19060,18193
1/14/2024 12:00:00 AM,4/7/2024 12:00:00 AM,39756,21210,18546
1/14/2024 12:00:00 AM,4/8/2024 12:00:00 AM,39255,19252,20003
1/14/2024 12:00:00 AM,4/9/2024 12:00:00 AM,40015,20053,19962
1/14/2024 12:00:00 AM,4/10/2024 12:00:00 AM,40197,20834,19363
1/14/2024 12:00:00 AM,4/11/2024 12:00:00 AM,39142,20625,18517
1/14/2024 12:00:00 AM,4/12/2024 12:00:00 AM,41993,20646,21347
1/14/2024 12:00:00 AM,4/13/2024 12:00:00 AM,43546,21778,21768
1/14/2024 12:00:00 AM,4/14/2024 12:00:00 AM,44258,23043,21215
1/13/2024 12:00:00 AM,1/14/2024 12:00:00 AM,2164,23,2141
1/13/2024 12:00:00 AM,1/15/2024 12:00:00 AM,2287,23,2264
1/13/2024 12:00:00 AM,1/16/2024 12:00:00 AM,2287,23,2264
1/13/2024 12:00:00 AM,1/17/2024 12:00:00 AM,2302,23,2279
1/13/2024 12:00:00 AM,1/18/2024 12:00:00 AM,2302,23,2279
1/13/2024 12:00:00 AM,1/19/2024 12:00:00 AM,2272,26,2246
1/13/2024 12:00:00 AM,1/20/2024 12:00:00 AM,2192,26,2166
1/13/2024 12:00:00 AM,1/21/2024 12:00:00 AM,1487,26,1461
1/13/2024 12:00:00 AM,1/22/2024 12:00:00 AM,2058,599,1459
1/13/2024 12:00:00 AM,1/23/2024 12:00:00 AM,1575,116,1459
1/13/2024 12:00:00 AM,1/24/2024 12:00:00 AM,1708,116,1592
1/13/2024 12:00:00 AM,1/25/2024 12:00:00 AM,1708,116,1592
1/13/2024 12:00:00 AM,1/26/2024 12:00:00 AM,1668,119,1549
1/13/2024 12:00:00 AM,1/27/2024 12:00:00 AM,1535,119,1416
1/13/2024 12:00:00 AM,1/28/2024 12:00:00 AM,1535,119,1416
1/13/2024 12:00:00 AM,1/29/2024 12:00:00 AM,1598,119,1479
1/13/2024 12:00:00 AM,1/30/2024 12:00:00 AM,1594,115,1479
1/13/2024 12:00:00 AM,1/31/2024 12:00:00 AM,1734,115,1619
1/13/2024 12:00:00 AM,2/1/2024 12:00:00 AM,1734,115,1619
1/13/2024 12:00:00 AM,2/2/2024 12:00:00 AM,1719,118,1601
1/13/2024 12:00:00 AM,2/3/2024 12:00:00 AM,1719,118,1601
1/13/2024 12:00:00 AM,2/4/2024 12:00:00 AM,1719,118,1601
1/13/2024 12:00:00 AM,2/5/2024 12:00:00 AM,1960,26,1934
1/13/2024 12:00:00 AM,2/6/2024 12:00:00 AM,1957,23,1934
1/13/2024 12:00:00 AM,2/7/2024 12:00:00 AM,1957,23,1934
1/13/2024 12:00:00 AM,2/8/2024 12:00:00 AM,1957,23,1934
1/13/2024 12:00:00 AM,2/9/2024 12:00:00 AM,1942,26,1916
1/13/2024 12:00:00 AM,2/10/2024 12:00:00 AM,1897,26,1871
1/13/2024 12:00:00 AM,2/11/2024 12:00:00 AM,1897,26,1871
1/13/2024 12:00:00 AM,2/12/2024 12:00:00 AM,2889,26,2863
1/13/2024 12:00:00 AM,2/13/2024 12:00:00 AM,2886,23,2863
1/13/2024 12:00:00 AM,2/14/2024 12:00:00 AM,2886,23,2863
1/13/2024 12:00:00 AM,2/15/2024 12:00:00 AM,2886,23,2863
1/13/2024 12:00:00 AM,2/16/2024 12:00:00 AM,2719,26,2693
1/13/2024 12:00:00 AM,2/17/2024 12:00:00 AM,2931,251,2680
1/13/2024 12:00:00 AM,2/18/2024 12:00:00 AM,3433,251,3182
1/13/2024 12:00:00 AM,2/19/2024 12:00:00 AM,4627,1382,3245
1/13/2024 12:00:00 AM,2/20/2024 12:00:00 AM,5860,2071,3789
1/13/2024 12:00:00 AM,2/21/2024 12:00:00 AM,5902,2071,3831
1/13/2024 12:00:00 AM,2/22/2024 12:00:00 AM,5860,2071,3789
1/13/2024 12:00:00 AM,2/23/2024 12:00:00 AM,5845,2074,3771
1/13/2024 12:00:00 AM,2/24/2024 12:00:00 AM,7121,2074,5047
1/13/2024 12:00:00 AM,2/25/2024 12:00:00 AM,7121,2074,5047
1/13/2024 12:00:00 AM,2/26/2024 12:00:00 AM,7279,2074,5205
1/13/2024 12:00:00 AM,2/27/2024 12:00:00 AM,7251,2071,5180
1/13/2024 12:00:00 AM,2/28/2024 12:00:00 AM,7251,2071,5180
1/13/2024 12:00:00 AM,2/29/2024 12:00:00 AM,7251,2071,5180
1/13/2024 12:00:00 AM,3/1/2024 12:00:00 AM,8173,2415,5758
1/13/2024 12:00:00 AM,3/2/2024 12:00:00 AM,8320,2442,5878
1/13/2024 12:00:00 AM,3/3/2024 12:00:00 AM,10018,3562,6456
1/13/2024 12:00:00 AM,3/4/2024 12:00:00 AM,11940,3562,8378
1/13/2024 12:00:00 AM,3/5/2024 12:00:00 AM,12017,3639,8378
1/13/2024 12:00:00 AM,3/6/2024 12:00:00 AM,12016,4399,7617
1/13/2024 12:00:00 AM,3/7/2024 12:00:00 AM,12016,4399,7617
1/13/2024 12:00:00 AM,3/8/2024 12:00:00 AM,12220,4552,7668
1/13/2024 12:00:00 AM,3/9/2024 12:00:00 AM,16661,7868,8793
1/13/2024 12:00:00 AM,3/10/2024 12:00:00 AM,17434,7665,9769
1/13/2024 12:00:00 AM,3/11/2024 12:00:00 AM,17730,7745,9985
1/13/2024 12:00:00 AM,3/12/2024 12:00:00 AM,17815,7830,9985
1/13/2024 12:00:00 AM,3/13/2024 12:00:00 AM,17722,7919,9803
1/13/2024 12:00:00 AM,3/14/2024 12:00:00 AM,17423,7998,9425
1/13/2024 12:00:00 AM,3/15/2024 12:00:00 AM,17793,8305,9488
1/13/2024 12:00:00 AM,3/16/2024 12:00:00 AM,21159,10236,10923
1/13/2024 12:00:00 AM,3/17/2024 12:00:00 AM,22403,10473,11930
1/13/2024 12:00:00 AM,3/18/2024 12:00:00 AM,23354,11228,12126
1/13/2024 12:00:00 AM,3/19/2024 12:00:00 AM,22472,10934,11538
1/13/2024 12:00:00 AM,3/20/2024 12:00:00 AM,22277,10845,11432
1/13/2024 12:00:00 AM,3/21/2024 12:00:00 AM,21530,10689,10841
1/13/2024 12:00:00 AM,3/22/2024 12:00:00 AM,21940,10736,11204
1/13/2024 12:00:00 AM,3/23/2024 12:00:00 AM,25692,12365,13327
1/13/2024 12:00:00 AM,3/24/2024 12:00:00 AM,26633,12871,13762
1/13/2024 12:00:00 AM,3/25/2024 12:00:00 AM,27158,12960,14198
1/13/2024 12:00:00 AM,3/26/2024 12:00:00 AM,26786,12807,13979
1/13/2024 12:00:00 AM,3/27/2024 12:00:00 AM,25826,11937,13889
1/13/2024 12:00:00 AM,3/28/2024 12:00:00 AM,25817,11937,13880
1/13/2024 12:00:00 AM,3/29/2024 12:00:00 AM,25097,10649,14448
1/13/2024 12:00:00 AM,3/30/2024 12:00:00 AM,27633,12114,15519
1/13/2024 12:00:00 AM,3/31/2024 12:00:00 AM,29067,13354,15713
1/13/2024 12:00:00 AM,4/1/2024 12:00:00 AM,29467,13792,15675
1/13/2024 12:00:00 AM,4/2/2024 12:00:00 AM,28458,13890,14568
1/13/2024 12:00:00 AM,4/3/2024 12:00:00 AM,29013,13794,15219
1/13/2024 12:00:00 AM,4/4/2024 12:00:00 AM,29137,13774,15363
1/13/2024 12:00:00 AM,4/5/2024 12:00:00 AM,30239,14876,15363
1/13/2024 12:00:00 AM,4/6/2024 12:00:00 AM,37253,19060,18193
1/13/2024 12:00:00 AM,4/7/2024 12:00:00 AM,39756,21210,18546
1/13/2024 12:00:00 AM,4/8/2024 12:00:00 AM,39255,19252,20003
1/13/2024 12:00:00 AM,4/9/2024 12:00:00 AM,40015,20053,19962
1/13/2024 12:00:00 AM,4/10/2024 12:00:00 AM,40197,20834,19363
1/13/2024 12:00:00 AM,4/11/2024 12:00:00 AM,39142,20625,18517
1/13/2024 12:00:00 AM,4/12/2024 12:00:00 AM,41993,20646,21347
1/13/2024 12:00:00 AM,4/13/2024 12:00:00 AM,43546,21778,21768
1/12/2024 12:00:00 AM,1/13/2024 12:00:00 AM,2913,23,2890
1/12/2024 12:00:00 AM,1/14/2024 12:00:00 AM,2189,23,2166
1/12/2024 12:00:00 AM,1/15/2024 12:00:00 AM,2287,23,2264
1/12/2024 12:00:00 AM,1/16/2024 12:00:00 AM,2287,23,2264
1/12/2024 12:00:00 AM,1/17/2024 12:00:00 AM,2302,23,2279
1/12/2024 12:00:00 AM,1/18/2024 12:00:00 AM,2302,23,2279
1/12/2024 12:00:00 AM,1/19/2024 12:00:00 AM,2272,26,2246
1/12/2024 12:00:00 AM,1/20/2024 12:00:00 AM,2192,26,2166
1/12/2024 12:00:00 AM,1/21/2024 12:00:00 AM,1487,26,1461
1/12/2024 12:00:00 AM,1/22/2024 12:00:00 AM,2058,599,1459
1/12/2024 12:00:00 AM,1/23/2024 12:00:00 AM,1575,116,1459
1/12/2024 12:00:00 AM,1/24/2024 12:00:00 AM,1708,116,1592
1/12/2024 12:00:00 AM,1/25/2024 12:00:00 AM,1708,116,1592
1/12/2024 12:00:00 AM,1/26/2024 12:00:00 AM,1668,119,1549
1/12/2024 12:00:00 AM,1/27/2024 12:00:00 AM,1535,119,1416
1/12/2024 12:00:00 AM,1/28/2024 12:00:00 AM,1535,119,1416
1/12/2024 12:00:00 AM,1/29/2024 12:00:00 AM,1598,119,1479
1/12/2024 12:00:00 AM,1/30/2024 12:00:00 AM,1594,115,1479
1/12/2024 12:00:00 AM,1/31/2024 12:00:00 AM,1734,115,1619
1/12/2024 12:00:00 AM,2/1/2024 12:00:00 AM,1734,115,1619
1/12/2024 12:00:00 AM,2/2/2024 12:00:00 AM,1719,118,1601
1/12/2024 12:00:00 AM,2/3/2024 12:00:00 AM,1719,118,1601
1/12/2024 12:00:00 AM,2/4/2024 12:00:00 AM,1719,118,1601
1/12/2024 12:00:00 AM,2/5/2024 12:00:00 AM,1960,26,1934
1/12/2024 12:00:00 AM,2/6/2024 12:00:00 AM,1957,23,1934
1/12/2024 12:00:00 AM,2/7/2024 12:00:00 AM,1957,23,1934
1/12/2024 12:00:00 AM,2/8/2024 12:00:00 AM,1957,23,1934
1/12/2024 12:00:00 AM,2/9/2024 12:00:00 AM,1942,26,1916
1/12/2024 12:00:00 AM,2/10/2024 12:00:00 AM,1897,26,1871
1/12/2024 12:00:00 AM,2/11/2024 12:00:00 AM,1897,26,1871
1/12/2024 12:00:00 AM,2/12/2024 12:00:00 AM,2889,26,2863
1/12/2024 12:00:00 AM,2/13/2024 12:00:00 AM,2886,23,2863
1/12/2024 12:00:00 AM,2/14/2024 12:00:00 AM,2886,23,2863
1/12/2024 12:00:00 AM,2/15/2024 12:00:00 AM,2886,23,2863
1/12/2024 12:00:00 AM,2/16/2024 12:00:00 AM,2719,26,2693
1/12/2024 12:00:00 AM,2/17/2024 12:00:00 AM,2931,251,2680
1/12/2024 12:00:00 AM,2/18/2024 12:00:00 AM,3433,251,3182
1/12/2024 12:00:00 AM,2/19/2024 12:00:00 AM,4627,1382,3245
1/12/2024 12:00:00 AM,2/20/2024 12:00:00 AM,5860,2071,3789
1/12/2024 12:00:00 AM,2/21/2024 12:00:00 AM,5902,2071,3831
1/12/2024 12:00:00 AM,2/22/2024 12:00:00 AM,5860,2071,3789
1/12/2024 12:00:00 AM,2/23/2024 12:00:00 AM,5845,2074,3771
1/12/2024 12:00:00 AM,2/24/2024 12:00:00 AM,7121,2074,5047
1/12/2024 12:00:00 AM,2/25/2024 12:00:00 AM,7121,2074,5047
1/12/2024 12:00:00 AM,2/26/2024 12:00:00 AM,7279,2074,5205
1/12/2024 12:00:00 AM,2/27/2024 12:00:00 AM,7251,2071,5180
1/12/2024 12:00:00 AM,2/28/2024 12:00:00 AM,7251,2071,5180
1/12/2024 12:00:00 AM,2/29/2024 12:00:00 AM,7251,2071,5180
1/12/2024 12:00:00 AM,3/1/2024 12:00:00 AM,8173,2415,5758
1/12/2024 12:00:00 AM,3/2/2024 12:00:00 AM,8320,2442,5878
1/12/2024 12:00:00 AM,3/3/2024 12:00:00 AM,10018,3562,6456
1/12/2024 12:00:00 AM,3/4/2024 12:00:00 AM,11940,3562,8378
1/12/2024 12:00:00 AM,3/5/2024 12:00:00 AM,12017,3639,8378
1/12/2024 12:00:00 AM,3/6/2024 12:00:00 AM,12016,4399,7617
1/12/2024 12:00:00 AM,3/7/2024 12:00:00 AM,12016,4399,7617
1/12/2024 12:00:00 AM,3/8/2024 12:00:00 AM,12220,4552,7668
1/12/2024 12:00:00 AM,3/9/2024 12:00:00 AM,16661,7868,8793
1/12/2024 12:00:00 AM,3/10/2024 12:00:00 AM,17434,7665,9769
1/12/2024 12:00:00 AM,3/11/2024 12:00:00 AM,17730,7745,9985
1/12/2024 12:00:00 AM,3/12/2024 12:00:00 AM,17815,7830,9985
1/12/2024 12:00:00 AM,3/13/2024 12:00:00 AM,17722,7919,9803
1/12/2024 12:00:00 AM,3/14/2024 12:00:00 AM,17423,7998,9425
1/12/2024 12:00:00 AM,3/15/2024 12:00:00 AM,17793,8305,9488
1/12/2024 12:00:00 AM,3/16/2024 12:00:00 AM,21159,10236,10923
1/12/2024 12:00:00 AM,3/17/2024 12:00:00 AM,22403,10473,11930
1/12/2024 12:00:00 AM,3/18/2024 12:00:00 AM,23354,11228,12126
1/12/2024 12:00:00 AM,3/19/2024 12:00:00 AM,22472,10934,11538
1/12/2024 12:00:00 AM,3/20/2024 12:00:00 AM,22277,10845,11432
1/12/2024 12:00:00 AM,3/21/2024 12:00:00 AM,21530,10689,10841
1/12/2024 12:00:00 AM,3/22/2024 12:00:00 AM,21940,10736,11204
1/12/2024 12:00:00 AM,3/23/2024 12:00:00 AM,25692,12365,13327
1/12/2024 12:00:00 AM,3/24/2024 12:00:00 AM,27015,12871,14144
1/12/2024 12:00:00 AM,3/25/2024 12:00:00 AM,27540,12960,14580
1/12/2024 12:00:00 AM,3/26/2024 12:00:00 AM,27223,12807,14416
1/12/2024 12:00:00 AM,3/27/2024 12:00:00 AM,26263,11937,14326
1/12/2024 12:00:00 AM,3/28/2024 12:00:00 AM,26254,11937,14317
1/12/2024 12:00:00 AM,3/29/2024 12:00:00 AM,25534,10649,14885
1/12/2024 12:00:00 AM,3/30/2024 12:00:00 AM,28070,12114,15956
1/12/2024 12:00:00 AM,3/31/2024 12:00:00 AM,29504,13354,16150
1/12/2024 12:00:00 AM,4/1/2024 12:00:00 AM,29904,13792,16112
1/12/2024 12:00:00 AM,4/2/2024 12:00:00 AM,28895,13890,15005
1/12/2024 12:00:00 AM,4/3/2024 12:00:00 AM,29450,13794,15656
1/12/2024 12:00:00 AM,4/4/2024 12:00:00 AM,29574,13774,15800
1/12/2024 12:00:00 AM,4/5/2024 12:00:00 AM,30676,14876,15800
1/12/2024 12:00:00 AM,4/6/2024 12:00:00 AM,37690,19060,18630
1/12/2024 12:00:00 AM,4/7/2024 12:00:00 AM,40193,21210,18983
1/12/2024 12:00:00 AM,4/8/2024 12:00:00 AM,39692,19252,20440
1/12/2024 12:00:00 AM,4/9/2024 12:00:00 AM,40452,20053,20399
1/12/2024 12:00:00 AM,4/10/2024 12:00:00 AM,40634,20834,19800
1/12/2024 12:00:00 AM,4/11/2024 12:00:00 AM,39579,20625,18954
1/12/2024 12:00:00 AM,4/12/2024 12:00:00 AM,42430,20646,21784
1/11/2024 12:00:00 AM,1/12/2024 12:00:00 AM,2203,26,2177
1/11/2024 12:00:00 AM,1/13/2024 12:00:00 AM,2908,26,2882
1/11/2024 12:00:00 AM,1/14/2024 12:00:00 AM,2184,26,2158
1/11/2024 12:00:00 AM,1/15/2024 12:00:00 AM,2327,26,2301
1/11/2024 12:00:00 AM,1/16/2024 12:00:00 AM,2324,23,2301
1/11/2024 12:00:00 AM,1/17/2024 12:00:00 AM,2339,23,2316
1/11/2024 12:00:00 AM,1/18/2024 12:00:00 AM,2339,23,2316
1/11/2024 12:00:00 AM,1/19/2024 12:00:00 AM,2309,26,2283
1/11/2024 12:00:00 AM,1/20/2024 12:00:00 AM,2229,26,2203
1/11/2024 12:00:00 AM,1/21/2024 12:00:00 AM,1524,26,1498
1/11/2024 12:00:00 AM,1/22/2024 12:00:00 AM,2094,598,1496
1/11/2024 12:00:00 AM,1/23/2024 12:00:00 AM,1611,115,1496
1/11/2024 12:00:00 AM,1/24/2024 12:00:00 AM,1744,115,1629
1/11/2024 12:00:00 AM,1/25/2024 12:00:00 AM,1744,115,1629
1/11/2024 12:00:00 AM,1/26/2024 12:00:00 AM,1704,118,1586
1/11/2024 12:00:00 AM,1/27/2024 12:00:00 AM,1526,118,1408
1/11/2024 12:00:00 AM,1/28/2024 12:00:00 AM,1526,118,1408
1/11/2024 12:00:00 AM,1/29/2024 12:00:00 AM,1589,118,1471
1/11/2024 12:00:00 AM,1/30/2024 12:00:00 AM,1586,115,1471
1/11/2024 12:00:00 AM,1/31/2024 12:00:00 AM,1726,115,1611
1/11/2024 12:00:00 AM,2/1/2024 12:00:00 AM,1726,115,1611
1/11/2024 12:00:00 AM,2/2/2024 12:00:00 AM,1711,118,1593
1/11/2024 12:00:00 AM,2/3/2024 12:00:00 AM,1705,118,1587
1/11/2024 12:00:00 AM,2/4/2024 12:00:00 AM,1705,118,1587
1/11/2024 12:00:00 AM,2/5/2024 12:00:00 AM,1946,26,1920
1/11/2024 12:00:00 AM,2/6/2024 12:00:00 AM,1943,23,1920
1/11/2024 12:00:00 AM,2/7/2024 12:00:00 AM,1943,23,1920
1/11/2024 12:00:00 AM,2/8/2024 12:00:00 AM,1943,23,1920
1/11/2024 12:00:00 AM,2/9/2024 12:00:00 AM,1928,26,1902
1/11/2024 12:00:00 AM,2/10/2024 12:00:00 AM,1883,26,1857
1/11/2024 12:00:00 AM,2/11/2024 12:00:00 AM,1883,26,1857
1/11/2024 12:00:00 AM,2/12/2024 12:00:00 AM,2875,26,2849
1/11/2024 12:00:00 AM,2/13/2024 12:00:00 AM,2872,23,2849
1/11/2024 12:00:00 AM,2/14/2024 12:00:00 AM,2872,23,2849
1/11/2024 12:00:00 AM,2/15/2024 12:00:00 AM,2872,23,2849
1/11/2024 12:00:00 AM,2/16/2024 12:00:00 AM,2705,26,2679
1/11/2024 12:00:00 AM,2/17/2024 12:00:00 AM,2917,251,2666
1/11/2024 12:00:00 AM,2/18/2024 12:00:00 AM,3419,251,3168
1/11/2024 12:00:00 AM,2/19/2024 12:00:00 AM,4613,1382,3231
1/11/2024 12:00:00 AM,2/20/2024 12:00:00 AM,5846,2071,3775
1/11/2024 12:00:00 AM,2/21/2024 12:00:00 AM,5888,2071,3817
1/11/2024 12:00:00 AM,2/22/2024 12:00:00 AM,5846,2071,3775
1/11/2024 12:00:00 AM,2/23/2024 12:00:00 AM,5831,2074,3757
1/11/2024 12:00:00 AM,2/24/2024 12:00:00 AM,7107,2074,5033
1/11/2024 12:00:00 AM,2/25/2024 12:00:00 AM,7107,2074,5033
1/11/2024 12:00:00 AM,2/26/2024 12:00:00 AM,7265,2074,5191
1/11/2024 12:00:00 AM,2/27/2024 12:00:00 AM,7237,2071,5166
1/11/2024 12:00:00 AM,2/28/2024 12:00:00 AM,7237,2071,5166
1/11/2024 12:00:00 AM,2/29/2024 12:00:00 AM,7237,2071,5166
1/11/2024 12:00:00 AM,3/1/2024 12:00:00 AM,8159,2415,5744
1/11/2024 12:00:00 AM,3/2/2024 12:00:00 AM,8312,2442,5870
1/11/2024 12:00:00 AM,3/3/2024 12:00:00 AM,10010,3562,6448
1/11/2024 12:00:00 AM,3/4/2024 12:00:00 AM,11933,3563,8370
1/11/2024 12:00:00 AM,3/5/2024 12:00:00 AM,12010,3640,8370
1/11/2024 12:00:00 AM,3/6/2024 12:00:00 AM,12009,4400,7609
1/11/2024 12:00:00 AM,3/7/2024 12:00:00 AM,12009,4400,7609
1/11/2024 12:00:00 AM,3/8/2024 12:00:00 AM,12213,4553,7660
1/11/2024 12:00:00 AM,3/9/2024 12:00:00 AM,17184,8399,8785
1/11/2024 12:00:00 AM,3/10/2024 12:00:00 AM,17957,8196,9761
1/11/2024 12:00:00 AM,3/11/2024 12:00:00 AM,18253,8276,9977
1/11/2024 12:00:00 AM,3/12/2024 12:00:00 AM,18337,8360,9977
1/11/2024 12:00:00 AM,3/13/2024 12:00:00 AM,18244,8449,9795
1/11/2024 12:00:00 AM,3/14/2024 12:00:00 AM,17945,8528,9417
1/11/2024 12:00:00 AM,3/15/2024 12:00:00 AM,18315,8835,9480
1/11/2024 12:00:00 AM,3/16/2024 12:00:00 AM,21681,10766,10915
1/11/2024 12:00:00 AM,3/17/2024 12:00:00 AM,22925,11003,11922
1/11/2024 12:00:00 AM,3/18/2024 12:00:00 AM,23876,11758,12118
1/11/2024 12:00:00 AM,3/19/2024 12:00:00 AM,22994,11464,11530
1/11/2024 12:00:00 AM,3/20/2024 12:00:00 AM,22799,11375,11424
1/11/2024 12:00:00 AM,3/21/2024 12:00:00 AM,22052,11219,10833
1/11/2024 12:00:00 AM,3/22/2024 12:00:00 AM,22462,11266,11196
1/11/2024 12:00:00 AM,3/23/2024 12:00:00 AM,26214,12895,13319
1/11/2024 12:00:00 AM,3/24/2024 12:00:00 AM,27537,13401,14136
1/11/2024 12:00:00 AM,3/25/2024 12:00:00 AM,28062,13490,14572
1/11/2024 12:00:00 AM,3/26/2024 12:00:00 AM,27745,13337,14408
1/11/2024 12:00:00 AM,3/27/2024 12:00:00 AM,26785,12467,14318
1/11/2024 12:00:00 AM,3/28/2024 12:00:00 AM,26776,12467,14309
1/11/2024 12:00:00 AM,3/29/2024 12:00:00 AM,26056,11179,14877
1/11/2024 12:00:00 AM,3/30/2024 12:00:00 AM,28592,12644,15948
1/11/2024 12:00:00 AM,3/31/2024 12:00:00 AM,30026,13884,16142
1/11/2024 12:00:00 AM,4/1/2024 12:00:00 AM,30426,14322,16104
1/11/2024 12:00:00 AM,4/2/2024 12:00:00 AM,29417,14420,14997
1/11/2024 12:00:00 AM,4/3/2024 12:00:00 AM,29972,14324,15648
1/11/2024 12:00:00 AM,4/4/2024 12:00:00 AM,30746,14304,16442
1/11/2024 12:00:00 AM,4/5/2024 12:00:00 AM,31848,15406,16442
1/11/2024 12:00:00 AM,4/6/2024 12:00:00 AM,38862,19590,19272
1/11/2024 12:00:00 AM,4/7/2024 12:00:00 AM,40715,21740,18975
1/11/2024 12:00:00 AM,4/8/2024 12:00:00 AM,40864,19782,21082
1/11/2024 12:00:00 AM,4/9/2024 12:00:00 AM,41624,20583,21041
1/11/2024 12:00:00 AM,4/10/2024 12:00:00 AM,41806,21364,20442
1/11/2024 12:00:00 AM,4/11/2024 12:00:00 AM,40751,21155,19596
1/10/2024 12:00:00 AM,1/11/2024 12:00:00 AM,2203,23,2180
1/10/2024 12:00:00 AM,1/12/2024 12:00:00 AM,1442,26,1416
1/10/2024 12:00:00 AM,1/13/2024 12:00:00 AM,2147,26,2121
1/10/2024 12:00:00 AM,1/14/2024 12:00:00 AM,2184,26,2158
1/10/2024 12:00:00 AM,1/15/2024 12:00:00 AM,2327,26,2301
1/10/2024 12:00:00 AM,1/16/2024 12:00:00 AM,2324,23,2301
1/10/2024 12:00:00 AM,1/17/2024 12:00:00 AM,2339,23,2316
1/10/2024 12:00:00 AM,1/18/2024 12:00:00 AM,2339,23,2316
1/10/2024 12:00:00 AM,1/19/2024 12:00:00 AM,2309,26,2283
1/10/2024 12:00:00 AM,1/20/2024 12:00:00 AM,2229,26,2203
1/10/2024 12:00:00 AM,1/21/2024 12:00:00 AM,1524,26,1498
1/10/2024 12:00:00 AM,1/22/2024 12:00:00 AM,2094,598,1496
1/10/2024 12:00:00 AM,1/23/2024 12:00:00 AM,1611,115,1496
1/10/2024 12:00:00 AM,1/24/2024 12:00:00 AM,1744,115,1629
1/10/2024 12:00:00 AM,1/25/2024 12:00:00 AM,1744,115,1629
1/10/2024 12:00:00 AM,1/26/2024 12:00:00 AM,1704,118,1586
1/10/2024 12:00:00 AM,1/27/2024 12:00:00 AM,1526,118,1408
1/10/2024 12:00:00 AM,1/28/2024 12:00:00 AM,1526,118,1408
1/10/2024 12:00:00 AM,1/29/2024 12:00:00 AM,1589,118,1471
1/10/2024 12:00:00 AM,1/30/2024 12:00:00 AM,1586,115,1471
1/10/2024 12:00:00 AM,1/31/2024 12:00:00 AM,1726,115,1611
1/10/2024 12:00:00 AM,2/1/2024 12:00:00 AM,1726,115,1611
1/10/2024 12:00:00 AM,2/2/2024 12:00:00 AM,1711,118,1593
1/10/2024 12:00:00 AM,2/3/2024 12:00:00 AM,1705,118,1587
1/10/2024 12:00:00 AM,2/4/2024 12:00:00 AM,1705,118,1587
1/10/2024 12:00:00 AM,2/5/2024 12:00:00 AM,1946,26,1920
1/10/2024 12:00:00 AM,2/6/2024 12:00:00 AM,1943,23,1920
1/10/2024 12:00:00 AM,2/7/2024 12:00:00 AM,1943,23,1920
1/10/2024 12:00:00 AM,2/8/2024 12:00:00 AM,1943,23,1920
1/10/2024 12:00:00 AM,2/9/2024 12:00:00 AM,1928,26,1902
1/10/2024 12:00:00 AM,2/10/2024 12:00:00 AM,1883,26,1857
1/10/2024 12:00:00 AM,2/11/2024 12:00:00 AM,1883,26,1857
1/10/2024 12:00:00 AM,2/12/2024 12:00:00 AM,2875,26,2849
1/10/2024 12:00:00 AM,2/13/2024 12:00:00 AM,2872,23,2849
1/10/2024 12:00:00 AM,2/14/2024 12:00:00 AM,2872,23,2849
1/10/2024 12:00:00 AM,2/15/2024 12:00:00 AM,2872,23,2849
1/10/2024 12:00:00 AM,2/16/2024 12:00:00 AM,2705,26,2679
1/10/2024 12:00:00 AM,2/17/2024 12:00:00 AM,2917,251,2666
1/10/2024 12:00:00 AM,2/18/2024 12:00:00 AM,3419,251,3168
1/10/2024 12:00:00 AM,2/19/2024 12:00:00 AM,4613,1382,3231
1/10/2024 12:00:00 AM,2/20/2024 12:00:00 AM,5846,2071,3775
1/10/2024 12:00:00 AM,2/21/2024 12:00:00 AM,5888,2071,3817
1/10/2024 12:00:00 AM,2/22/2024 12:00:00 AM,5846,2071,3775
1/10/2024 12:00:00 AM,2/23/2024 12:00:00 AM,5831,2074,3757
1/10/2024 12:00:00 AM,2/24/2024 12:00:00 AM,7107,2074,5033
1/10/2024 12:00:00 AM,2/25/2024 12:00:00 AM,7107,2074,5033
1/10/2024 12:00:00 AM,2/26/2024 12:00:00 AM,7265,2074,5191
1/10/2024 12:00:00 AM,2/27/2024 12:00:00 AM,7237,2071,5166
1/10/2024 12:00:00 AM,2/28/2024 12:00:00 AM,7237,2071,5166
1/10/2024 12:00:00 AM,2/29/2024 12:00:00 AM,7237,2071,5166
1/10/2024 12:00:00 AM,3/1/2024 12:00:00 AM,8159,2415,5744
1/10/2024 12:00:00 AM,3/2/2024 12:00:00 AM,8312,2442,5870
1/10/2024 12:00:00 AM,3/3/2024 12:00:00 AM,10010,3562,6448
1/10/2024 12:00:00 AM,3/4/2024 12:00:00 AM,11933,3563,8370
1/10/2024 12:00:00 AM,3/5/2024 12:00:00 AM,12010,3640,8370
1/10/2024 12:00:00 AM,3/6/2024 12:00:00 AM,12009,4400,7609
1/10/2024 12:00:00 AM,3/7/2024 12:00:00 AM,12009,4400,7609
1/10/2024 12:00:00 AM,3/8/2024 12:00:00 AM,12213,4553,7660
1/10/2024 12:00:00 AM,3/9/2024 12:00:00 AM,17184,8399,8785
1/10/2024 12:00:00 AM,3/10/2024 12:00:00 AM,17957,8196,9761
1/10/2024 12:00:00 AM,3/11/2024 12:00:00 AM,18253,8276,9977
1/10/2024 12:00:00 AM,3/12/2024 12:00:00 AM,18337,8360,9977
1/10/2024 12:00:00 AM,3/13/2024 12:00:00 AM,18244,8449,9795
1/10/2024 12:00:00 AM,3/14/2024 12:00:00 AM,17945,8528,9417
1/10/2024 12:00:00 AM,3/15/2024 12:00:00 AM,18315,8835,9480
1/10/2024 12:00:00 AM,3/16/2024 12:00:00 AM,21681,10766,10915
1/10/2024 12:00:00 AM,3/17/2024 12:00:00 AM,22925,11003,11922
1/10/2024 12:00:00 AM,3/18/2024 12:00:00 AM,23876,11758,12118
1/10/2024 12:00:00 AM,3/19/2024 12:00:00 AM,22994,11464,11530
1/10/2024 12:00:00 AM,3/20/2024 12:00:00 AM,22799,11375,11424
1/10/2024 12:00:00 AM,3/21/2024 12:00:00 AM,22052,11219,10833
1/10/2024 12:00:00 AM,3/22/2024 12:00:00 AM,22099,11266,10833
1/10/2024 12:00:00 AM,3/23/2024 12:00:00 AM,25851,12895,12956
1/10/2024 12:00:00 AM,3/24/2024 12:00:00 AM,27174,13401,13773
1/10/2024 12:00:00 AM,3/25/2024 12:00:00 AM,27699,13490,14209
1/10/2024 12:00:00 AM,3/26/2024 12:00:00 AM,27382,13337,14045
1/10/2024 12:00:00 AM,3/27/2024 12:00:00 AM,26422,12467,13955
1/10/2024 12:00:00 AM,3/28/2024 12:00:00 AM,26413,12467,13946
1/10/2024 12:00:00 AM,3/29/2024 12:00:00 AM,25693,11179,14514
1/10/2024 12:00:00 AM,3/30/2024 12:00:00 AM,28229,12644,15585
1/10/2024 12:00:00 AM,3/31/2024 12:00:00 AM,29663,13884,15779
1/10/2024 12:00:00 AM,4/1/2024 12:00:00 AM,30063,14322,15741
1/10/2024 12:00:00 AM,4/2/2024 12:00:00 AM,29054,14420,14634
1/10/2024 12:00:00 AM,4/3/2024 12:00:00 AM,29609,14324,15285
1/10/2024 12:00:00 AM,4/4/2024 12:00:00 AM,30383,14304,16079
1/10/2024 12:00:00 AM,4/5/2024 12:00:00 AM,31848,15406,16442
1/10/2024 12:00:00 AM,4/6/2024 12:00:00 AM,38862,19590,19272
1/10/2024 12:00:00 AM,4/7/2024 12:00:00 AM,40715,21740,18975
1/10/2024 12:00:00 AM,4/8/2024 12:00:00 AM,40822,19782,21040
1/10/2024 12:00:00 AM,4/9/2024 12:00:00 AM,41582,20583,20999
1/10/2024 12:00:00 AM,4/10/2024 12:00:00 AM,41764,21364,20400
1/9/2024 12:00:00 AM,1/10/2024 12:00:00 AM,2203,23,2180
1/9/2024 12:00:00 AM,1/11/2024 12:00:00 AM,2203,23,2180
1/9/2024 12:00:00 AM,1/12/2024 12:00:00 AM,1442,26,1416
1/9/2024 12:00:00 AM,1/13/2024 12:00:00 AM,2147,26,2121
1/9/2024 12:00:00 AM,1/14/2024 12:00:00 AM,2184,26,2158
1/9/2024 12:00:00 AM,1/15/2024 12:00:00 AM,2327,26,2301
1/9/2024 12:00:00 AM,1/16/2024 12:00:00 AM,2324,23,2301
1/9/2024 12:00:00 AM,1/17/2024 12:00:00 AM,2339,23,2316
1/9/2024 12:00:00 AM,1/18/2024 12:00:00 AM,2339,23,2316
1/9/2024 12:00:00 AM,1/19/2024 12:00:00 AM,2309,26,2283
1/9/2024 12:00:00 AM,1/20/2024 12:00:00 AM,2229,26,2203
1/9/2024 12:00:00 AM,1/21/2024 12:00:00 AM,1524,26,1498
1/9/2024 12:00:00 AM,1/22/2024 12:00:00 AM,2094,598,1496
1/9/2024 12:00:00 AM,1/23/2024 12:00:00 AM,1611,115,1496
1/9/2024 12:00:00 AM,1/24/2024 12:00:00 AM,1744,115,1629
1/9/2024 12:00:00 AM,1/25/2024 12:00:00 AM,1744,115,1629
1/9/2024 12:00:00 AM,1/26/2024 12:00:00 AM,1704,118,1586
1/9/2024 12:00:00 AM,1/27/2024 12:00:00 AM,1526,118,1408
1/9/2024 12:00:00 AM,1/28/2024 12:00:00 AM,1526,118,1408
1/9/2024 12:00:00 AM,1/29/2024 12:00:00 AM,1589,118,1471
1/9/2024 12:00:00 AM,1/30/2024 12:00:00 AM,1586,115,1471
1/9/2024 12:00:00 AM,1/31/2024 12:00:00 AM,1726,115,1611
1/9/2024 12:00:00 AM,2/1/2024 12:00:00 AM,1726,115,1611
1/9/2024 12:00:00 AM,2/2/2024 12:00:00 AM,1711,118,1593
1/9/2024 12:00:00 AM,2/3/2024 12:00:00 AM,1705,118,1587
1/9/2024 12:00:00 AM,2/4/2024 12:00:00 AM,1705,118,1587
1/9/2024 12:00:00 AM,2/5/2024 12:00:00 AM,1946,26,1920
1/9/2024 12:00:00 AM,2/6/2024 12:00:00 AM,1943,23,1920
1/9/2024 12:00:00 AM,2/7/2024 12:00:00 AM,1943,23,1920
1/9/2024 12:00:00 AM,2/8/2024 12:00:00 AM,1943,23,1920
1/9/2024 12:00:00 AM,2/9/2024 12:00:00 AM,1928,26,1902
1/9/2024 12:00:00 AM,2/10/2024 12:00:00 AM,1883,26,1857
1/9/2024 12:00:00 AM,2/11/2024 12:00:00 AM,1883,26,1857
1/9/2024 12:00:00 AM,2/12/2024 12:00:00 AM,2875,26,2849
1/9/2024 12:00:00 AM,2/13/2024 12:00:00 AM,2872,23,2849
1/9/2024 12:00:00 AM,2/14/2024 12:00:00 AM,2872,23,2849
1/9/2024 12:00:00 AM,2/15/2024 12:00:00 AM,2872,23,2849
1/9/2024 12:00:00 AM,2/16/2024 12:00:00 AM,2705,26,2679
1/9/2024 12:00:00 AM,2/17/2024 12:00:00 AM,2917,251,2666
1/9/2024 12:00:00 AM,2/18/2024 12:00:00 AM,3419,251,3168
1/9/2024 12:00:00 AM,2/19/2024 12:00:00 AM,4613,1382,3231
1/9/2024 12:00:00 AM,2/20/2024 12:00:00 AM,5846,2071,3775
1/9/2024 12:00:00 AM,2/21/2024 12:00:00 AM,5846,2071,3775
1/9/2024 12:00:00 AM,2/22/2024 12:00:00 AM,5846,2071,3775
1/9/2024 12:00:00 AM,2/23/2024 12:00:00 AM,5831,2074,3757
1/9/2024 12:00:00 AM,2/24/2024 12:00:00 AM,7107,2074,5033
1/9/2024 12:00:00 AM,2/25/2024 12:00:00 AM,7107,2074,5033
1/9/2024 12:00:00 AM,2/26/2024 12:00:00 AM,7265,2074,5191
1/9/2024 12:00:00 AM,2/27/2024 12:00:00 AM,7237,2071,5166
1/9/2024 12:00:00 AM,2/28/2024 12:00:00 AM,7237,2071,5166
1/9/2024 12:00:00 AM,2/29/2024 12:00:00 AM,7237,2071,5166
1/9/2024 12:00:00 AM,3/1/2024 12:00:00 AM,8159,2415,5744
1/9/2024 12:00:00 AM,3/2/2024 12:00:00 AM,8312,2442,5870
1/9/2024 12:00:00 AM,3/3/2024 12:00:00 AM,10010,3562,6448
1/9/2024 12:00:00 AM,3/4/2024 12:00:00 AM,11933,3563,8370
1/9/2024 12:00:00 AM,3/5/2024 12:00:00 AM,12010,3640,8370
1/9/2024 12:00:00 AM,3/6/2024 12:00:00 AM,12009,4400,7609
1/9/2024 12:00:00 AM,3/7/2024 12:00:00 AM,12009,4400,7609
1/9/2024 12:00:00 AM,3/8/2024 12:00:00 AM,12213,4553,7660
1/9/2024 12:00:00 AM,3/9/2024 12:00:00 AM,17184,8399,8785
1/9/2024 12:00:00 AM,3/10/2024 12:00:00 AM,17957,8196,9761
1/9/2024 12:00:00 AM,3/11/2024 12:00:00 AM,18253,8276,9977
1/9/2024 12:00:00 AM,3/12/2024 12:00:00 AM,18337,8360,9977
1/9/2024 12:00:00 AM,3/13/2024 12:00:00 AM,18244,8449,9795
1/9/2024 12:00:00 AM,3/14/2024 12:00:00 AM,17945,8528,9417
1/9/2024 12:00:00 AM,3/15/2024 12:00:00 AM,18315,8835,9480
1/9/2024 12:00:00 AM,3/16/2024 12:00:00 AM,21681,10766,10915
1/9/2024 12:00:00 AM,3/17/2024 12:00:00 AM,22925,11003,11922
1/9/2024 12:00:00 AM,3/18/2024 12:00:00 AM,23876,11758,12118
1/9/2024 12:00:00 AM,3/19/2024 12:00:00 AM,22994,11464,11530
1/9/2024 12:00:00 AM,3/20/2024 12:00:00 AM,22799,11375,11424
1/9/2024 12:00:00 AM,3/21/2024 12:00:00 AM,22052,11219,10833
1/9/2024 12:00:00 AM,3/22/2024 12:00:00 AM,22099,11266,10833
1/9/2024 12:00:00 AM,3/23/2024 12:00:00 AM,25851,12895,12956
1/9/2024 12:00:00 AM,3/24/2024 12:00:00 AM,27174,13401,13773
1/9/2024 12:00:00 AM,3/25/2024 12:00:00 AM,27699,13490,14209
1/9/2024 12:00:00 AM,3/26/2024 12:00:00 AM,27382,13337,14045
1/9/2024 12:00:00 AM,3/27/2024 12:00:00 AM,26422,12467,13955
1/9/2024 12:00:00 AM,3/28/2024 12:00:00 AM,26413,12467,13946
1/9/2024 12:00:00 AM,3/29/2024 12:00:00 AM,25693,11179,14514
1/9/2024 12:00:00 AM,3/30/2024 12:00:00 AM,28229,12644,15585
1/9/2024 12:00:00 AM,3/31/2024 12:00:00 AM,29663,13884,15779
1/9/2024 12:00:00 AM,4/1/2024 12:00:00 AM,30063,14322,15741
1/9/2024 12:00:00 AM,4/2/2024 12:00:00 AM,29054,14420,14634
1/9/2024 12:00:00 AM,4/3/2024 12:00:00 AM,29609,14324,15285
1/9/2024 12:00:00 AM,4/4/2024 12:00:00 AM,30383,14304,16079
1/9/2024 12:00:00 AM,4/5/2024 12:00:00 AM,31848,15406,16442
1/9/2024 12:00:00 AM,4/6/2024 12:00:00 AM,38862,19590,19272
1/9/2024 12:00:00 AM,4/7/2024 12:00:00 AM,40715,21740,18975
1/9/2024 12:00:00 AM,4/8/2024 12:00:00 AM,41398,20358,21040
1/9/2024 12:00:00 AM,4/9/2024 12:00:00 AM,42158,21159,20999
1/8/2024 12:00:00 AM,1/9/2024 12:00:00 AM,2272,23,2249
1/8/2024 12:00:00 AM,1/10/2024 12:00:00 AM,2248,23,2225
1/8/2024 12:00:00 AM,1/11/2024 12:00:00 AM,2248,23,2225
1/8/2024 12:00:00 AM,1/12/2024 12:00:00 AM,1487,26,1461
1/8/2024 12:00:00 AM,1/13/2024 12:00:00 AM,2192,26,2166
1/8/2024 12:00:00 AM,1/14/2024 12:00:00 AM,2184,26,2158
1/8/2024 12:00:00 AM,1/15/2024 12:00:00 AM,2327,26,2301
1/8/2024 12:00:00 AM,1/16/2024 12:00:00 AM,2324,23,2301
1/8/2024 12:00:00 AM,1/17/2024 12:00:00 AM,2339,23,2316
1/8/2024 12:00:00 AM,1/18/2024 12:00:00 AM,2339,23,2316
1/8/2024 12:00:00 AM,1/19/2024 12:00:00 AM,2309,26,2283
1/8/2024 12:00:00 AM,1/20/2024 12:00:00 AM,2229,26,2203
1/8/2024 12:00:00 AM,1/21/2024 12:00:00 AM,1524,26,1498
1/8/2024 12:00:00 AM,1/22/2024 12:00:00 AM,2094,598,1496
1/8/2024 12:00:00 AM,1/23/2024 12:00:00 AM,1611,115,1496
1/8/2024 12:00:00 AM,1/24/2024 12:00:00 AM,1744,115,1629
1/8/2024 12:00:00 AM,1/25/2024 12:00:00 AM,1744,115,1629
1/8/2024 12:00:00 AM,1/26/2024 12:00:00 AM,1704,118,1586
1/8/2024 12:00:00 AM,1/27/2024 12:00:00 AM,1526,118,1408
1/8/2024 12:00:00 AM,1/28/2024 12:00:00 AM,1526,118,1408
1/8/2024 12:00:00 AM,1/29/2024 12:00:00 AM,1589,118,1471
1/8/2024 12:00:00 AM,1/30/2024 12:00:00 AM,1586,115,1471
1/8/2024 12:00:00 AM,1/31/2024 12:00:00 AM,1726,115,1611
1/8/2024 12:00:00 AM,2/1/2024 12:00:00 AM,1726,115,1611
1/8/2024 12:00:00 AM,2/2/2024 12:00:00 AM,1711,118,1593
1/8/2024 12:00:00 AM,2/3/2024 12:00:00 AM,1705,118,1587
1/8/2024 12:00:00 AM,2/4/2024 12:00:00 AM,1705,118,1587
1/8/2024 12:00:00 AM,2/5/2024 12:00:00 AM,1946,26,1920
1/8/2024 12:00:00 AM,2/6/2024 12:00:00 AM,1943,23,1920
1/8/2024 12:00:00 AM,2/7/2024 12:00:00 AM,1943,23,1920
1/8/2024 12:00:00 AM,2/8/2024 12:00:00 AM,1943,23,1920
1/8/2024 12:00:00 AM,2/9/2024 12:00:00 AM,1928,26,1902
1/8/2024 12:00:00 AM,2/10/2024 12:00:00 AM,1883,26,1857
1/8/2024 12:00:00 AM,2/11/2024 12:00:00 AM,1883,26,1857
1/8/2024 12:00:00 AM,2/12/2024 12:00:00 AM,2875,26,2849
1/8/2024 12:00:00 AM,2/13/2024 12:00:00 AM,2872,23,2849
1/8/2024 12:00:00 AM,2/14/2024 12:00:00 AM,2872,23,2849
1/8/2024 12:00:00 AM,2/15/2024 12:00:00 AM,2872,23,2849
1/8/2024 12:00:00 AM,2/16/2024 12:00:00 AM,2705,26,2679
1/8/2024 12:00:00 AM,2/17/2024 12:00:00 AM,2917,251,2666
1/8/2024 12:00:00 AM,2/18/2024 12:00:00 AM,3419,251,3168
1/8/2024 12:00:00 AM,2/19/2024 12:00:00 AM,4568,1382,3186
1/8/2024 12:00:00 AM,2/20/2024 12:00:00 AM,5801,2071,3730
1/8/2024 12:00:00 AM,2/21/2024 12:00:00 AM,5801,2071,3730
1/8/2024 12:00:00 AM,2/22/2024 12:00:00 AM,5801,2071,3730
1/8/2024 12:00:00 AM,2/23/2024 12:00:00 AM,5786,2074,3712
1/8/2024 12:00:00 AM,2/24/2024 12:00:00 AM,7062,2074,4988
1/8/2024 12:00:00 AM,2/25/2024 12:00:00 AM,7062,2074,4988
1/8/2024 12:00:00 AM,2/26/2024 12:00:00 AM,7220,2074,5146
1/8/2024 12:00:00 AM,2/27/2024 12:00:00 AM,7192,2071,5121
1/8/2024 12:00:00 AM,2/28/2024 12:00:00 AM,7192,2071,5121
1/8/2024 12:00:00 AM,2/29/2024 12:00:00 AM,7192,2071,5121
1/8/2024 12:00:00 AM,3/1/2024 12:00:00 AM,8114,2415,5699
1/8/2024 12:00:00 AM,3/2/2024 12:00:00 AM,8312,2442,5870
1/8/2024 12:00:00 AM,3/3/2024 12:00:00 AM,10010,3562,6448
1/8/2024 12:00:00 AM,3/4/2024 12:00:00 AM,11933,3563,8370
1/8/2024 12:00:00 AM,3/5/2024 12:00:00 AM,12010,3640,8370
1/8/2024 12:00:00 AM,3/6/2024 12:00:00 AM,12009,4400,7609
1/8/2024 12:00:00 AM,3/7/2024 12:00:00 AM,12009,4400,7609
1/8/2024 12:00:00 AM,3/8/2024 12:00:00 AM,12213,4553,7660
1/8/2024 12:00:00 AM,3/9/2024 12:00:00 AM,16892,8107,8785
1/8/2024 12:00:00 AM,3/10/2024 12:00:00 AM,17665,7904,9761
1/8/2024 12:00:00 AM,3/11/2024 12:00:00 AM,17961,7984,9977
1/8/2024 12:00:00 AM,3/12/2024 12:00:00 AM,18045,8068,9977
1/8/2024 12:00:00 AM,3/13/2024 12:00:00 AM,17952,8157,9795
1/8/2024 12:00:00 AM,3/14/2024 12:00:00 AM,17653,8236,9417
1/8/2024 12:00:00 AM,3/15/2024 12:00:00 AM,18023,8543,9480
1/8/2024 12:00:00 AM,3/16/2024 12:00:00 AM,21389,10474,10915
1/8/2024 12:00:00 AM,3/17/2024 12:00:00 AM,22633,10711,11922
1/8/2024 12:00:00 AM,3/18/2024 12:00:00 AM,23584,11466,12118
1/8/2024 12:00:00 AM,3/19/2024 12:00:00 AM,22702,11172,11530
1/8/2024 12:00:00 AM,3/20/2024 12:00:00 AM,22507,11083,11424
1/8/2024 12:00:00 AM,3/21/2024 12:00:00 AM,21760,10927,10833
1/8/2024 12:00:00 AM,3/22/2024 12:00:00 AM,21807,10974,10833
1/8/2024 12:00:00 AM,3/23/2024 12:00:00 AM,25559,12603,12956
1/8/2024 12:00:00 AM,3/24/2024 12:00:00 AM,26882,13109,13773
1/8/2024 12:00:00 AM,3/25/2024 12:00:00 AM,27407,13198,14209
1/8/2024 12:00:00 AM,3/26/2024 12:00:00 AM,27090,13045,14045
1/8/2024 12:00:00 AM,3/27/2024 12:00:00 AM,26130,12175,13955
1/8/2024 12:00:00 AM,3/28/2024 12:00:00 AM,26121,12175,13946
1/8/2024 12:00:00 AM,3/29/2024 12:00:00 AM,25401,10887,14514
1/8/2024 12:00:00 AM,3/30/2024 12:00:00 AM,27937,12352,15585
1/8/2024 12:00:00 AM,3/31/2024 12:00:00 AM,29071,13292,15779
1/8/2024 12:00:00 AM,4/1/2024 12:00:00 AM,29471,13730,15741
1/8/2024 12:00:00 AM,4/2/2024 12:00:00 AM,28162,13528,14634
1/8/2024 12:00:00 AM,4/3/2024 12:00:00 AM,28717,13432,15285
1/8/2024 12:00:00 AM,4/4/2024 12:00:00 AM,29491,13412,16079
1/8/2024 12:00:00 AM,4/5/2024 12:00:00 AM,31256,14814,16442
1/8/2024 12:00:00 AM,4/6/2024 12:00:00 AM,38270,18998,19272
1/8/2024 12:00:00 AM,4/7/2024 12:00:00 AM,40123,21148,18975
1/8/2024 12:00:00 AM,4/8/2024 12:00:00 AM,41398,20358,21040
1/7/2024 12:00:00 AM,1/8/2024 12:00:00 AM,2248,23,2225
1/7/2024 12:00:00 AM,1/9/2024 12:00:00 AM,2272,23,2249
1/7/2024 12:00:00 AM,1/10/2024 12:00:00 AM,2248,23,2225
1/7/2024 12:00:00 AM,1/11/2024 12:00:00 AM,2248,23,2225
1/7/2024 12:00:00 AM,1/12/2024 12:00:00 AM,1487,26,1461
1/7/2024 12:00:00 AM,1/13/2024 12:00:00 AM,2192,26,2166
1/7/2024 12:00:00 AM,1/14/2024 12:00:00 AM,2184,26,2158
1/7/2024 12:00:00 AM,1/15/2024 12:00:00 AM,2327,26,2301
1/7/2024 12:00:00 AM,1/16/2024 12:00:00 AM,2324,23,2301
1/7/2024 12:00:00 AM,1/17/2024 12:00:00 AM,2339,23,2316
1/7/2024 12:00:00 AM,1/18/2024 12:00:00 AM,2339,23,2316
1/7/2024 12:00:00 AM,1/19/2024 12:00:00 AM,2309,26,2283
1/7/2024 12:00:00 AM,1/20/2024 12:00:00 AM,2229,26,2203
1/7/2024 12:00:00 AM,1/21/2024 12:00:00 AM,1524,26,1498
1/7/2024 12:00:00 AM,1/22/2024 12:00:00 AM,2094,598,1496
1/7/2024 12:00:00 AM,1/23/2024 12:00:00 AM,1611,115,1496
1/7/2024 12:00:00 AM,1/24/2024 12:00:00 AM,1744,115,1629
1/7/2024 12:00:00 AM,1/25/2024 12:00:00 AM,1744,115,1629
1/7/2024 12:00:00 AM,1/26/2024 12:00:00 AM,1704,118,1586
1/7/2024 12:00:00 AM,1/27/2024 12:00:00 AM,1526,118,1408
1/7/2024 12:00:00 AM,1/28/2024 12:00:00 AM,1526,118,1408
1/7/2024 12:00:00 AM,1/29/2024 12:00:00 AM,1589,118,1471
1/7/2024 12:00:00 AM,1/30/2024 12:00:00 AM,1586,115,1471
1/7/2024 12:00:00 AM,1/31/2024 12:00:00 AM,1726,115,1611
1/7/2024 12:00:00 AM,2/1/2024 12:00:00 AM,1726,115,1611
1/7/2024 12:00:00 AM,2/2/2024 12:00:00 AM,1711,118,1593
1/7/2024 12:00:00 AM,2/3/2024 12:00:00 AM,1705,118,1587
1/7/2024 12:00:00 AM,2/4/2024 12:00:00 AM,1705,118,1587
1/7/2024 12:00:00 AM,2/5/2024 12:00:00 AM,1946,26,1920
1/7/2024 12:00:00 AM,2/6/2024 12:00:00 AM,1943,23,1920
1/7/2024 12:00:00 AM,2/7/2024 12:00:00 AM,1943,23,1920
1/7/2024 12:00:00 AM,2/8/2024 12:00:00 AM,1943,23,1920
1/7/2024 12:00:00 AM,2/9/2024 12:00:00 AM,1928,26,1902
1/7/2024 12:00:00 AM,2/10/2024 12:00:00 AM,1883,26,1857
1/7/2024 12:00:00 AM,2/11/2024 12:00:00 AM,1883,26,1857
1/7/2024 12:00:00 AM,2/12/2024 12:00:00 AM,2875,26,2849
1/7/2024 12:00:00 AM,2/13/2024 12:00:00 AM,2872,23,2849
1/7/2024 12:00:00 AM,2/14/2024 12:00:00 AM,2872,23,2849
1/7/2024 12:00:00 AM,2/15/2024 12:00:00 AM,2872,23,2849
1/7/2024 12:00:00 AM,2/16/2024 12:00:00 AM,2705,26,2679
1/7/2024 12:00:00 AM,2/17/2024 12:00:00 AM,2917,251,2666
1/7/2024 12:00:00 AM,2/18/2024 12:00:00 AM,3419,251,3168
1/7/2024 12:00:00 AM,2/19/2024 12:00:00 AM,4568,1382,3186
1/7/2024 12:00:00 AM,2/20/2024 12:00:00 AM,5801,2071,3730
1/7/2024 12:00:00 AM,2/21/2024 12:00:00 AM,5801,2071,3730
1/7/2024 12:00:00 AM,2/22/2024 12:00:00 AM,5801,2071,3730
1/7/2024 12:00:00 AM,2/23/2024 12:00:00 AM,5786,2074,3712
1/7/2024 12:00:00 AM,2/24/2024 12:00:00 AM,7062,2074,4988
1/7/2024 12:00:00 AM,2/25/2024 12:00:00 AM,7062,2074,4988
1/7/2024 12:00:00 AM,2/26/2024 12:00:00 AM,7220,2074,5146
1/7/2024 12:00:00 AM,2/27/2024 12:00:00 AM,7192,2071,5121
1/7/2024 12:00:00 AM,2/28/2024 12:00:00 AM,7192,2071,5121
1/7/2024 12:00:00 AM,2/29/2024 12:00:00 AM,7192,2071,5121
1/7/2024 12:00:00 AM,3/1/2024 12:00:00 AM,8114,2415,5699
1/7/2024 12:00:00 AM,3/2/2024 12:00:00 AM,8312,2442,5870
1/7/2024 12:00:00 AM,3/3/2024 12:00:00 AM,10010,3562,6448
1/7/2024 12:00:00 AM,3/4/2024 12:00:00 AM,11933,3563,8370
1/7/2024 12:00:00 AM,3/5/2024 12:00:00 AM,12010,3640,8370
1/7/2024 12:00:00 AM,3/6/2024 12:00:00 AM,12009,4400,7609
1/7/2024 12:00:00 AM,3/7/2024 12:00:00 AM,12009,4400,7609
1/7/2024 12:00:00 AM,3/8/2024 12:00:00 AM,12213,4553,7660
1/7/2024 12:00:00 AM,3/9/2024 12:00:00 AM,16892,8107,8785
1/7/2024 12:00:00 AM,3/10/2024 12:00:00 AM,17665,7904,9761
1/7/2024 12:00:00 AM,3/11/2024 12:00:00 AM,17961,7984,9977
1/7/2024 12:00:00 AM,3/12/2024 12:00:00 AM,18045,8068,9977
1/7/2024 12:00:00 AM,3/13/2024 12:00:00 AM,17952,8157,9795
1/7/2024 12:00:00 AM,3/14/2024 12:00:00 AM,17653,8236,9417
1/7/2024 12:00:00 AM,3/15/2024 12:00:00 AM,18023,8543,9480
1/7/2024 12:00:00 AM,3/16/2024 12:00:00 AM,21389,10474,10915
1/7/2024 12:00:00 AM,3/17/2024 12:00:00 AM,22633,10711,11922
1/7/2024 12:00:00 AM,3/18/2024 12:00:00 AM,23584,11466,12118
1/7/2024 12:00:00 AM,3/19/2024 12:00:00 AM,22702,11172,11530
1/7/2024 12:00:00 AM,3/20/2024 12:00:00 AM,22507,11083,11424
1/7/2024 12:00:00 AM,3/21/2024 12:00:00 AM,21760,10927,10833
1/7/2024 12:00:00 AM,3/22/2024 12:00:00 AM,21807,10974,10833
1/7/2024 12:00:00 AM,3/23/2024 12:00:00 AM,25559,12603,12956
1/7/2024 12:00:00 AM,3/24/2024 12:00:00 AM,26882,13109,13773
1/7/2024 12:00:00 AM,3/25/2024 12:00:00 AM,27407,13198,14209
1/7/2024 12:00:00 AM,3/26/2024 12:00:00 AM,27090,13045,14045
1/7/2024 12:00:00 AM,3/27/2024 12:00:00 AM,26130,12175,13955
1/7/2024 12:00:00 AM,3/28/2024 12:00:00 AM,26121,12175,13946
1/7/2024 12:00:00 AM,3/29/2024 12:00:00 AM,25401,10887,14514
1/7/2024 12:00:00 AM,3/30/2024 12:00:00 AM,27937,12352,15585
1/7/2024 12:00:00 AM,3/31/2024 12:00:00 AM,29071,13292,15779
1/7/2024 12:00:00 AM,4/1/2024 12:00:00 AM,29471,13730,15741
1/7/2024 12:00:00 AM,4/2/2024 12:00:00 AM,28162,13528,14634
1/7/2024 12:00:00 AM,4/3/2024 12:00:00 AM,28717,13432,15285
1/7/2024 12:00:00 AM,4/4/2024 12:00:00 AM,29491,13412,16079
1/7/2024 12:00:00 AM,4/5/2024 12:00:00 AM,31256,14814,16442
1/7/2024 12:00:00 AM,4/6/2024 12:00:00 AM,38270,18998,19272
1/7/2024 12:00:00 AM,4/7/2024 12:00:00 AM,40123,21148,18975
1/6/2024 12:00:00 AM,1/7/2024 12:00:00 AM,2202,23,2179
1/6/2024 12:00:00 AM,1/8/2024 12:00:00 AM,2248,23,2225
1/6/2024 12:00:00 AM,1/9/2024 12:00:00 AM,2272,23,2249
1/6/2024 12:00:00 AM,1/10/2024 12:00:00 AM,2248,23,2225
1/6/2024 12:00:00 AM,1/11/2024 12:00:00 AM,2248,23,2225
1/6/2024 12:00:00 AM,1/12/2024 12:00:00 AM,1487,26,1461
1/6/2024 12:00:00 AM,1/13/2024 12:00:00 AM,2192,26,2166
1/6/2024 12:00:00 AM,1/14/2024 12:00:00 AM,2184,26,2158
1/6/2024 12:00:00 AM,1/15/2024 12:00:00 AM,2327,26,2301
1/6/2024 12:00:00 AM,1/16/2024 12:00:00 AM,2324,23,2301
1/6/2024 12:00:00 AM,1/17/2024 12:00:00 AM,2339,23,2316
1/6/2024 12:00:00 AM,1/18/2024 12:00:00 AM,2339,23,2316
1/6/2024 12:00:00 AM,1/19/2024 12:00:00 AM,2309,26,2283
1/6/2024 12:00:00 AM,1/20/2024 12:00:00 AM,2229,26,2203
1/6/2024 12:00:00 AM,1/21/2024 12:00:00 AM,1524,26,1498
1/6/2024 12:00:00 AM,1/22/2024 12:00:00 AM,2094,598,1496
1/6/2024 12:00:00 AM,1/23/2024 12:00:00 AM,1611,115,1496
1/6/2024 12:00:00 AM,1/24/2024 12:00:00 AM,1744,115,1629
1/6/2024 12:00:00 AM,1/25/2024 12:00:00 AM,1744,115,1629
1/6/2024 12:00:00 AM,1/26/2024 12:00:00 AM,1704,118,1586
1/6/2024 12:00:00 AM,1/27/2024 12:00:00 AM,1526,118,1408
1/6/2024 12:00:00 AM,1/28/2024 12:00:00 AM,1526,118,1408
1/6/2024 12:00:00 AM,1/29/2024 12:00:00 AM,1589,118,1471
1/6/2024 12:00:00 AM,1/30/2024 12:00:00 AM,1586,115,1471
1/6/2024 12:00:00 AM,1/31/2024 12:00:00 AM,1726,115,1611
1/6/2024 12:00:00 AM,2/1/2024 12:00:00 AM,1726,115,1611
1/6/2024 12:00:00 AM,2/2/2024 12:00:00 AM,1711,118,1593
1/6/2024 12:00:00 AM,2/3/2024 12:00:00 AM,1705,118,1587
1/6/2024 12:00:00 AM,2/4/2024 12:00:00 AM,1705,118,1587
1/6/2024 12:00:00 AM,2/5/2024 12:00:00 AM,1946,26,1920
1/6/2024 12:00:00 AM,2/6/2024 12:00:00 AM,1943,23,1920
1/6/2024 12:00:00 AM,2/7/2024 12:00:00 AM,1943,23,1920
1/6/2024 12:00:00 AM,2/8/2024 12:00:00 AM,1943,23,1920
1/6/2024 12:00:00 AM,2/9/2024 12:00:00 AM,1928,26,1902
1/6/2024 12:00:00 AM,2/10/2024 12:00:00 AM,1883,26,1857
1/6/2024 12:00:00 AM,2/11/2024 12:00:00 AM,1883,26,1857
1/6/2024 12:00:00 AM,2/12/2024 12:00:00 AM,2875,26,2849
1/6/2024 12:00:00 AM,2/13/2024 12:00:00 AM,2872,23,2849
1/6/2024 12:00:00 AM,2/14/2024 12:00:00 AM,2872,23,2849
1/6/2024 12:00:00 AM,2/15/2024 12:00:00 AM,2872,23,2849
1/6/2024 12:00:00 AM,2/16/2024 12:00:00 AM,2705,26,2679
1/6/2024 12:00:00 AM,2/17/2024 12:00:00 AM,2917,251,2666
1/6/2024 12:00:00 AM,2/18/2024 12:00:00 AM,3419,251,3168
1/6/2024 12:00:00 AM,2/19/2024 12:00:00 AM,4568,1382,3186
1/6/2024 12:00:00 AM,2/20/2024 12:00:00 AM,5801,2071,3730
1/6/2024 12:00:00 AM,2/21/2024 12:00:00 AM,5801,2071,3730
1/6/2024 12:00:00 AM,2/22/2024 12:00:00 AM,5801,2071,3730
1/6/2024 12:00:00 AM,2/23/2024 12:00:00 AM,5786,2074,3712
1/6/2024 12:00:00 AM,2/24/2024 12:00:00 AM,7062,2074,4988
1/6/2024 12:00:00 AM,2/25/2024 12:00:00 AM,7062,2074,4988
1/6/2024 12:00:00 AM,2/26/2024 12:00:00 AM,7220,2074,5146
1/6/2024 12:00:00 AM,2/27/2024 12:00:00 AM,7192,2071,5121
1/6/2024 12:00:00 AM,2/28/2024 12:00:00 AM,7192,2071,5121
1/6/2024 12:00:00 AM,2/29/2024 12:00:00 AM,7192,2071,5121
1/6/2024 12:00:00 AM,3/1/2024 12:00:00 AM,8114,2415,5699
1/6/2024 12:00:00 AM,3/2/2024 12:00:00 AM,8312,2442,5870
1/6/2024 12:00:00 AM,3/3/2024 12:00:00 AM,10010,3562,6448
1/6/2024 12:00:00 AM,3/4/2024 12:00:00 AM,11933,3563,8370
1/6/2024 12:00:00 AM,3/5/2024 12:00:00 AM,12010,3640,8370
1/6/2024 12:00:00 AM,3/6/2024 12:00:00 AM,12009,4400,7609
1/6/2024 12:00:00 AM,3/7/2024 12:00:00 AM,12009,4400,7609
1/6/2024 12:00:00 AM,3/8/2024 12:00:00 AM,12213,4553,7660
1/6/2024 12:00:00 AM,3/9/2024 12:00:00 AM,16892,8107,8785
1/6/2024 12:00:00 AM,3/10/2024 12:00:00 AM,17665,7904,9761
1/6/2024 12:00:00 AM,3/11/2024 12:00:00 AM,17961,7984,9977
1/6/2024 12:00:00 AM,3/12/2024 12:00:00 AM,18045,8068,9977
1/6/2024 12:00:00 AM,3/13/2024 12:00:00 AM,17952,8157,9795
1/6/2024 12:00:00 AM,3/14/2024 12:00:00 AM,17653,8236,9417
1/6/2024 12:00:00 AM,3/15/2024 12:00:00 AM,18023,8543,9480
1/6/2024 12:00:00 AM,3/16/2024 12:00:00 AM,21389,10474,10915
1/6/2024 12:00:00 AM,3/17/2024 12:00:00 AM,22633,10711,11922
1/6/2024 12:00:00 AM,3/18/2024 12:00:00 AM,23584,11466,12118
1/6/2024 12:00:00 AM,3/19/2024 12:00:00 AM,22702,11172,11530
1/6/2024 12:00:00 AM,3/20/2024 12:00:00 AM,22507,11083,11424
1/6/2024 12:00:00 AM,3/21/2024 12:00:00 AM,21760,10927,10833
1/6/2024 12:00:00 AM,3/22/2024 12:00:00 AM,21807,10974,10833
1/6/2024 12:00:00 AM,3/23/2024 12:00:00 AM,25559,12603,12956
1/6/2024 12:00:00 AM,3/24/2024 12:00:00 AM,26882,13109,13773
1/6/2024 12:00:00 AM,3/25/2024 12:00:00 AM,27407,13198,14209
1/6/2024 12:00:00 AM,3/26/2024 12:00:00 AM,27090,13045,14045
1/6/2024 12:00:00 AM,3/27/2024 12:00:00 AM,26130,12175,13955
1/6/2024 12:00:00 AM,3/28/2024 12:00:00 AM,26121,12175,13946
1/6/2024 12:00:00 AM,3/29/2024 12:00:00 AM,25401,10887,14514
1/6/2024 12:00:00 AM,3/30/2024 12:00:00 AM,27937,12352,15585
1/6/2024 12:00:00 AM,3/31/2024 12:00:00 AM,29071,13292,15779
1/6/2024 12:00:00 AM,4/1/2024 12:00:00 AM,29471,13730,15741
1/6/2024 12:00:00 AM,4/2/2024 12:00:00 AM,28162,13528,14634
1/6/2024 12:00:00 AM,4/3/2024 12:00:00 AM,28717,13432,15285
1/6/2024 12:00:00 AM,4/4/2024 12:00:00 AM,29491,13412,16079
1/6/2024 12:00:00 AM,4/5/2024 12:00:00 AM,31256,14814,16442
1/6/2024 12:00:00 AM,4/6/2024 12:00:00 AM,38270,18998,19272
1/5/2024 12:00:00 AM,1/6/2024 12:00:00 AM,2202,23,2179
1/5/2024 12:00:00 AM,1/7/2024 12:00:00 AM,2202,23,2179
1/5/2024 12:00:00 AM,1/8/2024 12:00:00 AM,2248,23,2225
1/5/2024 12:00:00 AM,1/9/2024 12:00:00 AM,2272,23,2249
1/5/2024 12:00:00 AM,1/10/2024 12:00:00 AM,1487,23,1464
1/5/2024 12:00:00 AM,1/11/2024 12:00:00 AM,1487,23,1464
1/5/2024 12:00:00 AM,1/12/2024 12:00:00 AM,1487,26,1461
1/5/2024 12:00:00 AM,1/13/2024 12:00:00 AM,2192,26,2166
1/5/2024 12:00:00 AM,1/14/2024 12:00:00 AM,2184,26,2158
1/5/2024 12:00:00 AM,1/15/2024 12:00:00 AM,2327,26,2301
1/5/2024 12:00:00 AM,1/16/2024 12:00:00 AM,2324,23,2301
1/5/2024 12:00:00 AM,1/17/2024 12:00:00 AM,2339,23,2316
1/5/2024 12:00:00 AM,1/18/2024 12:00:00 AM,2339,23,2316
1/5/2024 12:00:00 AM,1/19/2024 12:00:00 AM,2309,26,2283
1/5/2024 12:00:00 AM,1/20/2024 12:00:00 AM,2229,26,2203
1/5/2024 12:00:00 AM,1/21/2024 12:00:00 AM,1524,26,1498
1/5/2024 12:00:00 AM,1/22/2024 12:00:00 AM,2094,598,1496
1/5/2024 12:00:00 AM,1/23/2024 12:00:00 AM,1611,115,1496
1/5/2024 12:00:00 AM,1/24/2024 12:00:00 AM,1744,115,1629
1/5/2024 12:00:00 AM,1/25/2024 12:00:00 AM,1744,115,1629
1/5/2024 12:00:00 AM,1/26/2024 12:00:00 AM,1704,118,1586
1/5/2024 12:00:00 AM,1/27/2024 12:00:00 AM,1526,118,1408
1/5/2024 12:00:00 AM,1/28/2024 12:00:00 AM,1526,118,1408
1/5/2024 12:00:00 AM,1/29/2024 12:00:00 AM,1589,118,1471
1/5/2024 12:00:00 AM,1/30/2024 12:00:00 AM,1586,115,1471
1/5/2024 12:00:00 AM,1/31/2024 12:00:00 AM,1726,115,1611
1/5/2024 12:00:00 AM,2/1/2024 12:00:00 AM,1726,115,1611
1/5/2024 12:00:00 AM,2/2/2024 12:00:00 AM,1711,118,1593
1/5/2024 12:00:00 AM,2/3/2024 12:00:00 AM,1705,118,1587
1/5/2024 12:00:00 AM,2/4/2024 12:00:00 AM,1705,118,1587
1/5/2024 12:00:00 AM,2/5/2024 12:00:00 AM,1946,26,1920
1/5/2024 12:00:00 AM,2/6/2024 12:00:00 AM,1943,23,1920
1/5/2024 12:00:00 AM,2/7/2024 12:00:00 AM,1943,23,1920
1/5/2024 12:00:00 AM,2/8/2024 12:00:00 AM,1943,23,1920
1/5/2024 12:00:00 AM,2/9/2024 12:00:00 AM,1928,26,1902
1/5/2024 12:00:00 AM,2/10/2024 12:00:00 AM,1883,26,1857
1/5/2024 12:00:00 AM,2/11/2024 12:00:00 AM,1883,26,1857
1/5/2024 12:00:00 AM,2/12/2024 12:00:00 AM,2875,26,2849
1/5/2024 12:00:00 AM,2/13/2024 12:00:00 AM,2872,23,2849
1/5/2024 12:00:00 AM,2/14/2024 12:00:00 AM,2872,23,2849
1/5/2024 12:00:00 AM,2/15/2024 12:00:00 AM,2872,23,2849
1/5/2024 12:00:00 AM,2/16/2024 12:00:00 AM,2705,26,2679
1/5/2024 12:00:00 AM,2/17/2024 12:00:00 AM,2917,251,2666
1/5/2024 12:00:00 AM,2/18/2024 12:00:00 AM,3419,251,3168
1/5/2024 12:00:00 AM,2/19/2024 12:00:00 AM,4568,1382,3186
1/5/2024 12:00:00 AM,2/20/2024 12:00:00 AM,5801,2071,3730
1/5/2024 12:00:00 AM,2/21/2024 12:00:00 AM,5801,2071,3730
1/5/2024 12:00:00 AM,2/22/2024 12:00:00 AM,5801,2071,3730
1/5/2024 12:00:00 AM,2/23/2024 12:00:00 AM,5786,2074,3712
1/5/2024 12:00:00 AM,2/24/2024 12:00:00 AM,7062,2074,4988
1/5/2024 12:00:00 AM,2/25/2024 12:00:00 AM,7062,2074,4988
1/5/2024 12:00:00 AM,2/26/2024 12:00:00 AM,7220,2074,5146
1/5/2024 12:00:00 AM,2/27/2024 12:00:00 AM,7192,2071,5121
1/5/2024 12:00:00 AM,2/28/2024 12:00:00 AM,7192,2071,5121
1/5/2024 12:00:00 AM,2/29/2024 12:00:00 AM,7192,2071,5121
1/5/2024 12:00:00 AM,3/1/2024 12:00:00 AM,8114,2415,5699
1/5/2024 12:00:00 AM,3/2/2024 12:00:00 AM,8312,2442,5870
1/5/2024 12:00:00 AM,3/3/2024 12:00:00 AM,10010,3562,6448
1/5/2024 12:00:00 AM,3/4/2024 12:00:00 AM,11888,3563,8325
1/5/2024 12:00:00 AM,3/5/2024 12:00:00 AM,11965,3640,8325
1/5/2024 12:00:00 AM,3/6/2024 12:00:00 AM,11964,4400,7564
1/5/2024 12:00:00 AM,3/7/2024 12:00:00 AM,11964,4400,7564
1/5/2024 12:00:00 AM,3/8/2024 12:00:00 AM,12168,4553,7615
1/5/2024 12:00:00 AM,3/9/2024 12:00:00 AM,16892,8107,8785
1/5/2024 12:00:00 AM,3/10/2024 12:00:00 AM,17665,7904,9761
1/5/2024 12:00:00 AM,3/11/2024 12:00:00 AM,17916,7984,9932
1/5/2024 12:00:00 AM,3/12/2024 12:00:00 AM,18000,8068,9932
1/5/2024 12:00:00 AM,3/13/2024 12:00:00 AM,17907,8157,9750
1/5/2024 12:00:00 AM,3/14/2024 12:00:00 AM,17608,8236,9372
1/5/2024 12:00:00 AM,3/15/2024 12:00:00 AM,17978,8543,9435
1/5/2024 12:00:00 AM,3/16/2024 12:00:00 AM,21389,10474,10915
1/5/2024 12:00:00 AM,3/17/2024 12:00:00 AM,22633,10711,11922
1/5/2024 12:00:00 AM,3/18/2024 12:00:00 AM,23539,11466,12073
1/5/2024 12:00:00 AM,3/19/2024 12:00:00 AM,22657,11172,11485
1/5/2024 12:00:00 AM,3/20/2024 12:00:00 AM,22462,11083,11379
1/5/2024 12:00:00 AM,3/21/2024 12:00:00 AM,21715,10927,10788
1/5/2024 12:00:00 AM,3/22/2024 12:00:00 AM,21762,10974,10788
1/5/2024 12:00:00 AM,3/23/2024 12:00:00 AM,25559,12603,12956
1/5/2024 12:00:00 AM,3/24/2024 12:00:00 AM,26882,13109,13773
1/5/2024 12:00:00 AM,3/25/2024 12:00:00 AM,27218,13198,14020
1/5/2024 12:00:00 AM,3/26/2024 12:00:00 AM,26901,13045,13856
1/5/2024 12:00:00 AM,3/27/2024 12:00:00 AM,26031,12175,13856
1/5/2024 12:00:00 AM,3/28/2024 12:00:00 AM,26022,12175,13847
1/5/2024 12:00:00 AM,3/29/2024 12:00:00 AM,25302,10887,14415
1/5/2024 12:00:00 AM,3/30/2024 12:00:00 AM,27937,12352,15585
1/5/2024 12:00:00 AM,3/31/2024 12:00:00 AM,29071,13292,15779
1/5/2024 12:00:00 AM,4/1/2024 12:00:00 AM,29426,13730,15696
1/5/2024 12:00:00 AM,4/2/2024 12:00:00 AM,28117,13528,14589
1/5/2024 12:00:00 AM,4/3/2024 12:00:00 AM,28672,13432,15240
1/5/2024 12:00:00 AM,4/4/2024 12:00:00 AM,29446,13412,16034
1/5/2024 12:00:00 AM,4/5/2024 12:00:00 AM,31211,14814,16397
1/4/2024 12:00:00 AM,1/5/2024 12:00:00 AM,2202,23,2179
1/4/2024 12:00:00 AM,1/6/2024 12:00:00 AM,2202,23,2179
1/4/2024 12:00:00 AM,1/7/2024 12:00:00 AM,2202,23,2179
1/4/2024 12:00:00 AM,1/8/2024 12:00:00 AM,2248,23,2225
1/4/2024 12:00:00 AM,1/9/2024 12:00:00 AM,2272,23,2249
1/4/2024 12:00:00 AM,1/10/2024 12:00:00 AM,1487,23,1464
1/4/2024 12:00:00 AM,1/11/2024 12:00:00 AM,1487,23,1464
1/4/2024 12:00:00 AM,1/12/2024 12:00:00 AM,1487,26,1461
1/4/2024 12:00:00 AM,1/13/2024 12:00:00 AM,2192,26,2166
1/4/2024 12:00:00 AM,1/14/2024 12:00:00 AM,2184,26,2158
1/4/2024 12:00:00 AM,1/15/2024 12:00:00 AM,2327,26,2301
1/4/2024 12:00:00 AM,1/16/2024 12:00:00 AM,2324,23,2301
1/4/2024 12:00:00 AM,1/17/2024 12:00:00 AM,2339,23,2316
1/4/2024 12:00:00 AM,1/18/2024 12:00:00 AM,2339,23,2316
1/4/2024 12:00:00 AM,1/19/2024 12:00:00 AM,2309,26,2283
1/4/2024 12:00:00 AM,1/20/2024 12:00:00 AM,2229,26,2203
1/4/2024 12:00:00 AM,1/21/2024 12:00:00 AM,1524,26,1498
1/4/2024 12:00:00 AM,1/22/2024 12:00:00 AM,2094,598,1496
1/4/2024 12:00:00 AM,1/23/2024 12:00:00 AM,1611,115,1496
1/4/2024 12:00:00 AM,1/24/2024 12:00:00 AM,1744,115,1629
1/4/2024 12:00:00 AM,1/25/2024 12:00:00 AM,1744,115,1629
1/4/2024 12:00:00 AM,1/26/2024 12:00:00 AM,1704,118,1586
1/4/2024 12:00:00 AM,1/27/2024 12:00:00 AM,1526,118,1408
1/4/2024 12:00:00 AM,1/28/2024 12:00:00 AM,1526,118,1408
1/4/2024 12:00:00 AM,1/29/2024 12:00:00 AM,1589,118,1471
1/4/2024 12:00:00 AM,1/30/2024 12:00:00 AM,1586,115,1471
1/4/2024 12:00:00 AM,1/31/2024 12:00:00 AM,1726,115,1611
1/4/2024 12:00:00 AM,2/1/2024 12:00:00 AM,1726,115,1611
1/4/2024 12:00:00 AM,2/2/2024 12:00:00 AM,1711,118,1593
1/4/2024 12:00:00 AM,2/3/2024 12:00:00 AM,1705,118,1587
1/4/2024 12:00:00 AM,2/4/2024 12:00:00 AM,1705,118,1587
1/4/2024 12:00:00 AM,2/5/2024 12:00:00 AM,1891,26,1865
1/4/2024 12:00:00 AM,2/6/2024 12:00:00 AM,1888,23,1865
1/4/2024 12:00:00 AM,2/7/2024 12:00:00 AM,1888,23,1865
1/4/2024 12:00:00 AM,2/8/2024 12:00:00 AM,1888,23,1865
1/4/2024 12:00:00 AM,2/9/2024 12:00:00 AM,1873,26,1847
1/4/2024 12:00:00 AM,2/10/2024 12:00:00 AM,1828,26,1802
1/4/2024 12:00:00 AM,2/11/2024 12:00:00 AM,1828,26,1802
1/4/2024 12:00:00 AM,2/12/2024 12:00:00 AM,2820,26,2794
1/4/2024 12:00:00 AM,2/13/2024 12:00:00 AM,2817,23,2794
1/4/2024 12:00:00 AM,2/14/2024 12:00:00 AM,2817,23,2794
1/4/2024 12:00:00 AM,2/15/2024 12:00:00 AM,2817,23,2794
1/4/2024 12:00:00 AM,2/16/2024 12:00:00 AM,2650,26,2624
1/4/2024 12:00:00 AM,2/17/2024 12:00:00 AM,2862,251,2611
1/4/2024 12:00:00 AM,2/18/2024 12:00:00 AM,3364,251,3113
1/4/2024 12:00:00 AM,2/19/2024 12:00:00 AM,4513,1382,3131
1/4/2024 12:00:00 AM,2/20/2024 12:00:00 AM,5746,2071,3675
1/4/2024 12:00:00 AM,2/21/2024 12:00:00 AM,5746,2071,3675
1/4/2024 12:00:00 AM,2/22/2024 12:00:00 AM,5746,2071,3675
1/4/2024 12:00:00 AM,2/23/2024 12:00:00 AM,5731,2074,3657
1/4/2024 12:00:00 AM,2/24/2024 12:00:00 AM,7007,2074,4933
1/4/2024 12:00:00 AM,2/25/2024 12:00:00 AM,7007,2074,4933
1/4/2024 12:00:00 AM,2/26/2024 12:00:00 AM,7165,2074,5091
1/4/2024 12:00:00 AM,2/27/2024 12:00:00 AM,7137,2071,5066
1/4/2024 12:00:00 AM,2/28/2024 12:00:00 AM,7137,2071,5066
1/4/2024 12:00:00 AM,2/29/2024 12:00:00 AM,7137,2071,5066
1/4/2024 12:00:00 AM,3/1/2024 12:00:00 AM,8059,2415,5644
1/4/2024 12:00:00 AM,3/2/2024 12:00:00 AM,9026,3211,5815
1/4/2024 12:00:00 AM,3/3/2024 12:00:00 AM,10724,4331,6393
1/4/2024 12:00:00 AM,3/4/2024 12:00:00 AM,12602,4332,8270
1/4/2024 12:00:00 AM,3/5/2024 12:00:00 AM,12679,4409,8270
1/4/2024 12:00:00 AM,3/6/2024 12:00:00 AM,12678,5169,7509
1/4/2024 12:00:00 AM,3/7/2024 12:00:00 AM,12678,5169,7509
1/4/2024 12:00:00 AM,3/8/2024 12:00:00 AM,12882,5322,7560
1/4/2024 12:00:00 AM,3/9/2024 12:00:00 AM,17606,8876,8730
1/4/2024 12:00:00 AM,3/10/2024 12:00:00 AM,18379,8673,9706
1/4/2024 12:00:00 AM,3/11/2024 12:00:00 AM,18630,8753,9877
1/4/2024 12:00:00 AM,3/12/2024 12:00:00 AM,18714,8837,9877
1/4/2024 12:00:00 AM,3/13/2024 12:00:00 AM,18621,8926,9695
1/4/2024 12:00:00 AM,3/14/2024 12:00:00 AM,18322,9005,9317
1/4/2024 12:00:00 AM,3/15/2024 12:00:00 AM,18692,9312,9380
1/4/2024 12:00:00 AM,3/16/2024 12:00:00 AM,20987,10127,10860
1/4/2024 12:00:00 AM,3/17/2024 12:00:00 AM,22231,10364,11867
1/4/2024 12:00:00 AM,3/18/2024 12:00:00 AM,23137,11119,12018
1/4/2024 12:00:00 AM,3/19/2024 12:00:00 AM,22255,10825,11430
1/4/2024 12:00:00 AM,3/20/2024 12:00:00 AM,22060,10736,11324
1/4/2024 12:00:00 AM,3/21/2024 12:00:00 AM,21313,10580,10733
1/4/2024 12:00:00 AM,3/22/2024 12:00:00 AM,21360,10627,10733
1/4/2024 12:00:00 AM,3/23/2024 12:00:00 AM,25157,12256,12901
1/4/2024 12:00:00 AM,3/24/2024 12:00:00 AM,25711,11993,13718
1/4/2024 12:00:00 AM,3/25/2024 12:00:00 AM,24948,12082,12866
1/4/2024 12:00:00 AM,3/26/2024 12:00:00 AM,24631,11929,12702
1/4/2024 12:00:00 AM,3/27/2024 12:00:00 AM,23761,11059,12702
1/4/2024 12:00:00 AM,3/28/2024 12:00:00 AM,23752,11059,12693
1/4/2024 12:00:00 AM,3/29/2024 12:00:00 AM,23032,9771,13261
1/4/2024 12:00:00 AM,3/30/2024 12:00:00 AM,26225,11794,14431
1/4/2024 12:00:00 AM,3/31/2024 12:00:00 AM,26691,12066,14625
1/4/2024 12:00:00 AM,4/1/2024 12:00:00 AM,27046,12504,14542
1/4/2024 12:00:00 AM,4/2/2024 12:00:00 AM,25737,12302,13435
1/4/2024 12:00:00 AM,4/3/2024 12:00:00 AM,26292,12206,14086
1/4/2024 12:00:00 AM,4/4/2024 12:00:00 AM,27066,12186,14880
1/3/2024 12:00:00 AM,1/4/2024 12:00:00 AM,2205,23,2182
1/3/2024 12:00:00 AM,1/5/2024 12:00:00 AM,2202,23,2179
1/3/2024 12:00:00 AM,1/6/2024 12:00:00 AM,2202,23,2179
1/3/2024 12:00:00 AM,1/7/2024 12:00:00 AM,2202,23,2179
1/3/2024 12:00:00 AM,1/8/2024 12:00:00 AM,1487,23,1464
1/3/2024 12:00:00 AM,1/9/2024 12:00:00 AM,1511,23,1488
1/3/2024 12:00:00 AM,1/10/2024 12:00:00 AM,1487,23,1464
1/3/2024 12:00:00 AM,1/11/2024 12:00:00 AM,1487,23,1464
1/3/2024 12:00:00 AM,1/12/2024 12:00:00 AM,1487,26,1461
1/3/2024 12:00:00 AM,1/13/2024 12:00:00 AM,2192,26,2166
1/3/2024 12:00:00 AM,1/14/2024 12:00:00 AM,2184,26,2158
1/3/2024 12:00:00 AM,1/15/2024 12:00:00 AM,2327,26,2301
1/3/2024 12:00:00 AM,1/16/2024 12:00:00 AM,2324,23,2301
1/3/2024 12:00:00 AM,1/17/2024 12:00:00 AM,2339,23,2316
1/3/2024 12:00:00 AM,1/18/2024 12:00:00 AM,2339,23,2316
1/3/2024 12:00:00 AM,1/19/2024 12:00:00 AM,2309,26,2283
1/3/2024 12:00:00 AM,1/20/2024 12:00:00 AM,2229,26,2203
1/3/2024 12:00:00 AM,1/21/2024 12:00:00 AM,1524,26,1498
1/3/2024 12:00:00 AM,1/22/2024 12:00:00 AM,2094,598,1496
1/3/2024 12:00:00 AM,1/23/2024 12:00:00 AM,1611,115,1496
1/3/2024 12:00:00 AM,1/24/2024 12:00:00 AM,1744,115,1629
1/3/2024 12:00:00 AM,1/25/2024 12:00:00 AM,1744,115,1629
1/3/2024 12:00:00 AM,1/26/2024 12:00:00 AM,1704,118,1586
1/3/2024 12:00:00 AM,1/27/2024 12:00:00 AM,1526,118,1408
1/3/2024 12:00:00 AM,1/28/2024 12:00:00 AM,1526,118,1408
1/3/2024 12:00:00 AM,1/29/2024 12:00:00 AM,1589,118,1471
1/3/2024 12:00:00 AM,1/30/2024 12:00:00 AM,1586,115,1471
1/3/2024 12:00:00 AM,1/31/2024 12:00:00 AM,1726,115,1611
1/3/2024 12:00:00 AM,2/1/2024 12:00:00 AM,1726,115,1611
1/3/2024 12:00:00 AM,2/2/2024 12:00:00 AM,1711,118,1593
1/3/2024 12:00:00 AM,2/3/2024 12:00:00 AM,1705,118,1587
1/3/2024 12:00:00 AM,2/4/2024 12:00:00 AM,1705,118,1587
1/3/2024 12:00:00 AM,2/5/2024 12:00:00 AM,1891,26,1865
1/3/2024 12:00:00 AM,2/6/2024 12:00:00 AM,1888,23,1865
1/3/2024 12:00:00 AM,2/7/2024 12:00:00 AM,1888,23,1865
1/3/2024 12:00:00 AM,2/8/2024 12:00:00 AM,1888,23,1865
1/3/2024 12:00:00 AM,2/9/2024 12:00:00 AM,1873,26,1847
1/3/2024 12:00:00 AM,2/10/2024 12:00:00 AM,1828,26,1802
1/3/2024 12:00:00 AM,2/11/2024 12:00:00 AM,1828,26,1802
1/3/2024 12:00:00 AM,2/12/2024 12:00:00 AM,2820,26,2794
1/3/2024 12:00:00 AM,2/13/2024 12:00:00 AM,2817,23,2794
1/3/2024 12:00:00 AM,2/14/2024 12:00:00 AM,2817,23,2794
1/3/2024 12:00:00 AM,2/15/2024 12:00:00 AM,2817,23,2794
1/3/2024 12:00:00 AM,2/16/2024 12:00:00 AM,2650,26,2624
1/3/2024 12:00:00 AM,2/17/2024 12:00:00 AM,2862,251,2611
1/3/2024 12:00:00 AM,2/18/2024 12:00:00 AM,3364,251,3113
1/3/2024 12:00:00 AM,2/19/2024 12:00:00 AM,4513,1382,3131
1/3/2024 12:00:00 AM,2/20/2024 12:00:00 AM,5746,2071,3675
1/3/2024 12:00:00 AM,2/21/2024 12:00:00 AM,5746,2071,3675
1/3/2024 12:00:00 AM,2/22/2024 12:00:00 AM,5746,2071,3675
1/3/2024 12:00:00 AM,2/23/2024 12:00:00 AM,5731,2074,3657
1/3/2024 12:00:00 AM,2/24/2024 12:00:00 AM,7007,2074,4933
1/3/2024 12:00:00 AM,2/25/2024 12:00:00 AM,7007,2074,4933
1/3/2024 12:00:00 AM,2/26/2024 12:00:00 AM,7165,2074,5091
1/3/2024 12:00:00 AM,2/27/2024 12:00:00 AM,7137,2071,5066
1/3/2024 12:00:00 AM,2/28/2024 12:00:00 AM,7137,2071,5066
1/3/2024 12:00:00 AM,2/29/2024 12:00:00 AM,7137,2071,5066
1/3/2024 12:00:00 AM,3/1/2024 12:00:00 AM,8059,2415,5644
1/3/2024 12:00:00 AM,3/2/2024 12:00:00 AM,9026,3211,5815
1/3/2024 12:00:00 AM,3/3/2024 12:00:00 AM,10724,4331,6393
1/3/2024 12:00:00 AM,3/4/2024 12:00:00 AM,12602,4332,8270
1/3/2024 12:00:00 AM,3/5/2024 12:00:00 AM,12679,4409,8270
1/3/2024 12:00:00 AM,3/6/2024 12:00:00 AM,12678,5169,7509
1/3/2024 12:00:00 AM,3/7/2024 12:00:00 AM,12678,5169,7509
1/3/2024 12:00:00 AM,3/8/2024 12:00:00 AM,12882,5322,7560
1/3/2024 12:00:00 AM,3/9/2024 12:00:00 AM,17606,8876,8730
1/3/2024 12:00:00 AM,3/10/2024 12:00:00 AM,18379,8673,9706
1/3/2024 12:00:00 AM,3/11/2024 12:00:00 AM,18630,8753,9877
1/3/2024 12:00:00 AM,3/12/2024 12:00:00 AM,18714,8837,9877
1/3/2024 12:00:00 AM,3/13/2024 12:00:00 AM,18621,8926,9695
1/3/2024 12:00:00 AM,3/14/2024 12:00:00 AM,18322,9005,9317
1/3/2024 12:00:00 AM,3/15/2024 12:00:00 AM,18692,9312,9380
1/3/2024 12:00:00 AM,3/16/2024 12:00:00 AM,20987,10127,10860
1/3/2024 12:00:00 AM,3/17/2024 12:00:00 AM,22231,10364,11867
1/3/2024 12:00:00 AM,3/18/2024 12:00:00 AM,23137,11119,12018
1/3/2024 12:00:00 AM,3/19/2024 12:00:00 AM,22255,10825,11430
1/3/2024 12:00:00 AM,3/20/2024 12:00:00 AM,22060,10736,11324
1/3/2024 12:00:00 AM,3/21/2024 12:00:00 AM,21313,10580,10733
1/3/2024 12:00:00 AM,3/22/2024 12:00:00 AM,21360,10627,10733
1/3/2024 12:00:00 AM,3/23/2024 12:00:00 AM,25808,12907,12901
1/3/2024 12:00:00 AM,3/24/2024 12:00:00 AM,25711,11993,13718
1/3/2024 12:00:00 AM,3/25/2024 12:00:00 AM,24948,12082,12866
1/3/2024 12:00:00 AM,3/26/2024 12:00:00 AM,24631,11929,12702
1/3/2024 12:00:00 AM,3/27/2024 12:00:00 AM,23761,11059,12702
1/3/2024 12:00:00 AM,3/28/2024 12:00:00 AM,23752,11059,12693
1/3/2024 12:00:00 AM,3/29/2024 12:00:00 AM,23032,9771,13261
1/3/2024 12:00:00 AM,3/30/2024 12:00:00 AM,27545,13114,14431
1/3/2024 12:00:00 AM,3/31/2024 12:00:00 AM,28011,13386,14625
1/3/2024 12:00:00 AM,4/1/2024 12:00:00 AM,28366,13824,14542
1/3/2024 12:00:00 AM,4/2/2024 12:00:00 AM,27057,13622,13435
1/3/2024 12:00:00 AM,4/3/2024 12:00:00 AM,27612,13526,14086
1/2/2024 12:00:00 AM,1/3/2024 12:00:00 AM,2229,23,2206
1/2/2024 12:00:00 AM,1/4/2024 12:00:00 AM,2205,23,2182
1/2/2024 12:00:00 AM,1/5/2024 12:00:00 AM,2202,23,2179
1/2/2024 12:00:00 AM,1/6/2024 12:00:00 AM,2202,23,2179
1/2/2024 12:00:00 AM,1/7/2024 12:00:00 AM,2202,23,2179
1/2/2024 12:00:00 AM,1/8/2024 12:00:00 AM,1487,23,1464
1/2/2024 12:00:00 AM,1/9/2024 12:00:00 AM,1511,23,1488
1/2/2024 12:00:00 AM,1/10/2024 12:00:00 AM,1487,23,1464
1/2/2024 12:00:00 AM,1/11/2024 12:00:00 AM,1487,23,1464
1/2/2024 12:00:00 AM,1/12/2024 12:00:00 AM,1487,26,1461
1/2/2024 12:00:00 AM,1/13/2024 12:00:00 AM,2192,26,2166
1/2/2024 12:00:00 AM,1/14/2024 12:00:00 AM,2184,26,2158
1/2/2024 12:00:00 AM,1/15/2024 12:00:00 AM,2327,26,2301
1/2/2024 12:00:00 AM,1/16/2024 12:00:00 AM,2324,23,2301
1/2/2024 12:00:00 AM,1/17/2024 12:00:00 AM,2339,23,2316
1/2/2024 12:00:00 AM,1/18/2024 12:00:00 AM,2339,23,2316
1/2/2024 12:00:00 AM,1/19/2024 12:00:00 AM,2309,26,2283
1/2/2024 12:00:00 AM,1/20/2024 12:00:00 AM,2229,26,2203
1/2/2024 12:00:00 AM,1/21/2024 12:00:00 AM,1524,26,1498
1/2/2024 12:00:00 AM,1/22/2024 12:00:00 AM,2094,598,1496
1/2/2024 12:00:00 AM,1/23/2024 12:00:00 AM,1611,115,1496
1/2/2024 12:00:00 AM,1/24/2024 12:00:00 AM,1744,115,1629
1/2/2024 12:00:00 AM,1/25/2024 12:00:00 AM,1744,115,1629
1/2/2024 12:00:00 AM,1/26/2024 12:00:00 AM,1704,118,1586
1/2/2024 12:00:00 AM,1/27/2024 12:00:00 AM,1526,118,1408
1/2/2024 12:00:00 AM,1/28/2024 12:00:00 AM,1526,118,1408
1/2/2024 12:00:00 AM,1/29/2024 12:00:00 AM,1589,118,1471
1/2/2024 12:00:00 AM,1/30/2024 12:00:00 AM,1586,115,1471
1/2/2024 12:00:00 AM,1/31/2024 12:00:00 AM,1726,115,1611
1/2/2024 12:00:00 AM,2/1/2024 12:00:00 AM,1726,115,1611
1/2/2024 12:00:00 AM,2/2/2024 12:00:00 AM,1711,118,1593
1/2/2024 12:00:00 AM,2/3/2024 12:00:00 AM,1705,118,1587
1/2/2024 12:00:00 AM,2/4/2024 12:00:00 AM,1705,118,1587
1/2/2024 12:00:00 AM,2/5/2024 12:00:00 AM,1891,26,1865
1/2/2024 12:00:00 AM,2/6/2024 12:00:00 AM,1888,23,1865
1/2/2024 12:00:00 AM,2/7/2024 12:00:00 AM,1888,23,1865
1/2/2024 12:00:00 AM,2/8/2024 12:00:00 AM,1888,23,1865
1/2/2024 12:00:00 AM,2/9/2024 12:00:00 AM,1873,26,1847
1/2/2024 12:00:00 AM,2/10/2024 12:00:00 AM,1828,26,1802
1/2/2024 12:00:00 AM,2/11/2024 12:00:00 AM,1828,26,1802
1/2/2024 12:00:00 AM,2/12/2024 12:00:00 AM,2820,26,2794
1/2/2024 12:00:00 AM,2/13/2024 12:00:00 AM,2817,23,2794
1/2/2024 12:00:00 AM,2/14/2024 12:00:00 AM,2817,23,2794
1/2/2024 12:00:00 AM,2/15/2024 12:00:00 AM,2817,23,2794
1/2/2024 12:00:00 AM,2/16/2024 12:00:00 AM,2650,26,2624
1/2/2024 12:00:00 AM,2/17/2024 12:00:00 AM,2862,251,2611
1/2/2024 12:00:00 AM,2/18/2024 12:00:00 AM,3364,251,3113
1/2/2024 12:00:00 AM,2/19/2024 12:00:00 AM,4513,1382,3131
1/2/2024 12:00:00 AM,2/20/2024 12:00:00 AM,5746,2071,3675
1/2/2024 12:00:00 AM,2/21/2024 12:00:00 AM,5746,2071,3675
1/2/2024 12:00:00 AM,2/22/2024 12:00:00 AM,5746,2071,3675
1/2/2024 12:00:00 AM,2/23/2024 12:00:00 AM,6492,2074,4418
1/2/2024 12:00:00 AM,2/24/2024 12:00:00 AM,7007,2074,4933
1/2/2024 12:00:00 AM,2/25/2024 12:00:00 AM,7007,2074,4933
1/2/2024 12:00:00 AM,2/26/2024 12:00:00 AM,7165,2074,5091
1/2/2024 12:00:00 AM,2/27/2024 12:00:00 AM,7137,2071,5066
1/2/2024 12:00:00 AM,2/28/2024 12:00:00 AM,7137,2071,5066
1/2/2024 12:00:00 AM,2/29/2024 12:00:00 AM,7137,2071,5066
1/2/2024 12:00:00 AM,3/1/2024 12:00:00 AM,8059,2415,5644
1/2/2024 12:00:00 AM,3/2/2024 12:00:00 AM,9026,3211,5815
1/2/2024 12:00:00 AM,3/3/2024 12:00:00 AM,10724,4331,6393
1/2/2024 12:00:00 AM,3/4/2024 12:00:00 AM,12602,4332,8270
1/2/2024 12:00:00 AM,3/5/2024 12:00:00 AM,11918,4409,7509
1/2/2024 12:00:00 AM,3/6/2024 12:00:00 AM,12678,5169,7509
1/2/2024 12:00:00 AM,3/7/2024 12:00:00 AM,12678,5169,7509
1/2/2024 12:00:00 AM,3/8/2024 12:00:00 AM,12882,5322,7560
1/2/2024 12:00:00 AM,3/9/2024 12:00:00 AM,17700,8876,8824
1/2/2024 12:00:00 AM,3/10/2024 12:00:00 AM,18379,8673,9706
1/2/2024 12:00:00 AM,3/11/2024 12:00:00 AM,18630,8753,9877
1/2/2024 12:00:00 AM,3/12/2024 12:00:00 AM,18714,8837,9877
1/2/2024 12:00:00 AM,3/13/2024 12:00:00 AM,18621,8926,9695
1/2/2024 12:00:00 AM,3/14/2024 12:00:00 AM,18322,9005,9317
1/2/2024 12:00:00 AM,3/15/2024 12:00:00 AM,18692,9312,9380
1/2/2024 12:00:00 AM,3/16/2024 12:00:00 AM,20987,10127,10860
1/2/2024 12:00:00 AM,3/17/2024 12:00:00 AM,22231,10364,11867
1/2/2024 12:00:00 AM,3/18/2024 12:00:00 AM,23137,11119,12018
1/2/2024 12:00:00 AM,3/19/2024 12:00:00 AM,22255,10825,11430
1/2/2024 12:00:00 AM,3/20/2024 12:00:00 AM,22060,10736,11324
1/2/2024 12:00:00 AM,3/21/2024 12:00:00 AM,21313,10580,10733
1/2/2024 12:00:00 AM,3/22/2024 12:00:00 AM,21360,10627,10733
1/2/2024 12:00:00 AM,3/23/2024 12:00:00 AM,25808,12907,12901
1/2/2024 12:00:00 AM,3/24/2024 12:00:00 AM,25711,11993,13718
1/2/2024 12:00:00 AM,3/25/2024 12:00:00 AM,24948,12082,12866
1/2/2024 12:00:00 AM,3/26/2024 12:00:00 AM,24631,11929,12702
1/2/2024 12:00:00 AM,3/27/2024 12:00:00 AM,23761,11059,12702
1/2/2024 12:00:00 AM,3/28/2024 12:00:00 AM,23752,11059,12693
1/2/2024 12:00:00 AM,3/29/2024 12:00:00 AM,23032,9771,13261
1/2/2024 12:00:00 AM,3/30/2024 12:00:00 AM,27545,13114,14431
1/2/2024 12:00:00 AM,3/31/2024 12:00:00 AM,28011,13386,14625
1/2/2024 12:00:00 AM,4/1/2024 12:00:00 AM,28316,13774,14542
1/2/2024 12:00:00 AM,4/2/2024 12:00:00 AM,26957,13522,13435
1/1/2024 12:00:00 AM,1/2/2024 12:00:00 AM,2205,23,2182
1/1/2024 12:00:00 AM,1/3/2024 12:00:00 AM,2229,23,2206
1/1/2024 12:00:00 AM,1/4/2024 12:00:00 AM,2205,23,2182
1/1/2024 12:00:00 AM,1/5/2024 12:00:00 AM,2202,23,2179
1/1/2024 12:00:00 AM,1/6/2024 12:00:00 AM,2202,23,2179
1/1/2024 12:00:00 AM,1/7/2024 12:00:00 AM,2202,23,2179
1/1/2024 12:00:00 AM,1/8/2024 12:00:00 AM,1487,23,1464
1/1/2024 12:00:00 AM,1/9/2024 12:00:00 AM,1511,23,1488
1/1/2024 12:00:00 AM,1/10/2024 12:00:00 AM,1487,23,1464
1/1/2024 12:00:00 AM,1/11/2024 12:00:00 AM,1487,23,1464
1/1/2024 12:00:00 AM,1/12/2024 12:00:00 AM,1487,26,1461
1/1/2024 12:00:00 AM,1/13/2024 12:00:00 AM,2192,26,2166
1/1/2024 12:00:00 AM,1/14/2024 12:00:00 AM,2184,26,2158
1/1/2024 12:00:00 AM,1/15/2024 12:00:00 AM,2327,26,2301
1/1/2024 12:00:00 AM,1/16/2024 12:00:00 AM,2324,23,2301
1/1/2024 12:00:00 AM,1/17/2024 12:00:00 AM,2339,23,2316
1/1/2024 12:00:00 AM,1/18/2024 12:00:00 AM,2339,23,2316
1/1/2024 12:00:00 AM,1/19/2024 12:00:00 AM,2309,26,2283
1/1/2024 12:00:00 AM,1/20/2024 12:00:00 AM,2229,26,2203
1/1/2024 12:00:00 AM,1/21/2024 12:00:00 AM,1524,26,1498
1/1/2024 12:00:00 AM,1/22/2024 12:00:00 AM,2094,598,1496
1/1/2024 12:00:00 AM,1/23/2024 12:00:00 AM,1611,115,1496
1/1/2024 12:00:00 AM,1/24/2024 12:00:00 AM,1744,115,1629
1/1/2024 12:00:00 AM,1/25/2024 12:00:00 AM,1744,115,1629
1/1/2024 12:00:00 AM,1/26/2024 12:00:00 AM,1704,118,1586
1/1/2024 12:00:00 AM,1/27/2024 12:00:00 AM,1526,118,1408
1/1/2024 12:00:00 AM,1/28/2024 12:00:00 AM,1526,118,1408
1/1/2024 12:00:00 AM,1/29/2024 12:00:00 AM,1589,118,1471
1/1/2024 12:00:00 AM,1/30/2024 12:00:00 AM,1586,115,1471
1/1/2024 12:00:00 AM,1/31/2024 12:00:00 AM,1726,115,1611
1/1/2024 12:00:00 AM,2/1/2024 12:00:00 AM,1726,115,1611
1/1/2024 12:00:00 AM,2/2/2024 12:00:00 AM,1711,118,1593
1/1/2024 12:00:00 AM,2/3/2024 12:00:00 AM,1705,118,1587
1/1/2024 12:00:00 AM,2/4/2024 12:00:00 AM,1705,118,1587
1/1/2024 12:00:00 AM,2/5/2024 12:00:00 AM,1891,26,1865
1/1/2024 12:00:00 AM,2/6/2024 12:00:00 AM,1888,23,1865
1/1/2024 12:00:00 AM,2/7/2024 12:00:00 AM,1888,23,1865
1/1/2024 12:00:00 AM,2/8/2024 12:00:00 AM,1888,23,1865
1/1/2024 12:00:00 AM,2/9/2024 12:00:00 AM,1873,26,1847
1/1/2024 12:00:00 AM,2/10/2024 12:00:00 AM,1828,26,1802
1/1/2024 12:00:00 AM,2/11/2024 12:00:00 AM,1828,26,1802
1/1/2024 12:00:00 AM,2/12/2024 12:00:00 AM,2820,26,2794
1/1/2024 12:00:00 AM,2/13/2024 12:00:00 AM,2817,23,2794
1/1/2024 12:00:00 AM,2/14/2024 12:00:00 AM,2817,23,2794
1/1/2024 12:00:00 AM,2/15/2024 12:00:00 AM,2817,23,2794
1/1/2024 12:00:00 AM,2/16/2024 12:00:00 AM,2650,26,2624
1/1/2024 12:00:00 AM,2/17/2024 12:00:00 AM,2862,251,2611
1/1/2024 12:00:00 AM,2/18/2024 12:00:00 AM,3364,251,3113
1/1/2024 12:00:00 AM,2/19/2024 12:00:00 AM,4513,1382,3131
1/1/2024 12:00:00 AM,2/20/2024 12:00:00 AM,5746,2071,3675
1/1/2024 12:00:00 AM,2/21/2024 12:00:00 AM,5746,2071,3675
1/1/2024 12:00:00 AM,2/22/2024 12:00:00 AM,5746,2071,3675
1/1/2024 12:00:00 AM,2/23/2024 12:00:00 AM,6492,2074,4418
1/1/2024 12:00:00 AM,2/24/2024 12:00:00 AM,7007,2074,4933
1/1/2024 12:00:00 AM,2/25/2024 12:00:00 AM,7007,2074,4933
1/1/2024 12:00:00 AM,2/26/2024 12:00:00 AM,7165,2074,5091
1/1/2024 12:00:00 AM,2/27/2024 12:00:00 AM,7137,2071,5066
1/1/2024 12:00:00 AM,2/28/2024 12:00:00 AM,7137,2071,5066
1/1/2024 12:00:00 AM,2/29/2024 12:00:00 AM,7137,2071,5066
1/1/2024 12:00:00 AM,3/1/2024 12:00:00 AM,8059,2415,5644
1/1/2024 12:00:00 AM,3/2/2024 12:00:00 AM,9026,3211,5815
1/1/2024 12:00:00 AM,3/3/2024 12:00:00 AM,10724,4331,6393
1/1/2024 12:00:00 AM,3/4/2024 12:00:00 AM,12601,4331,8270
1/1/2024 12:00:00 AM,3/5/2024 12:00:00 AM,11917,4408,7509
1/1/2024 12:00:00 AM,3/6/2024 12:00:00 AM,12677,5168,7509
1/1/2024 12:00:00 AM,3/7/2024 12:00:00 AM,12677,5168,7509
1/1/2024 12:00:00 AM,3/8/2024 12:00:00 AM,12881,5321,7560
1/1/2024 12:00:00 AM,3/9/2024 12:00:00 AM,17699,8875,8824
1/1/2024 12:00:00 AM,3/10/2024 12:00:00 AM,18378,8672,9706
1/1/2024 12:00:00 AM,3/11/2024 12:00:00 AM,18629,8752,9877
1/1/2024 12:00:00 AM,3/12/2024 12:00:00 AM,18714,8837,9877
1/1/2024 12:00:00 AM,3/13/2024 12:00:00 AM,18621,8926,9695
1/1/2024 12:00:00 AM,3/14/2024 12:00:00 AM,18322,9005,9317
1/1/2024 12:00:00 AM,3/15/2024 12:00:00 AM,18692,9312,9380
1/1/2024 12:00:00 AM,3/16/2024 12:00:00 AM,20987,10127,10860
1/1/2024 12:00:00 AM,3/17/2024 12:00:00 AM,22231,10364,11867
1/1/2024 12:00:00 AM,3/18/2024 12:00:00 AM,23137,11119,12018
1/1/2024 12:00:00 AM,3/19/2024 12:00:00 AM,22255,10825,11430
1/1/2024 12:00:00 AM,3/20/2024 12:00:00 AM,22060,10736,11324
1/1/2024 12:00:00 AM,3/21/2024 12:00:00 AM,21313,10580,10733
1/1/2024 12:00:00 AM,3/22/2024 12:00:00 AM,21360,10627,10733
1/1/2024 12:00:00 AM,3/23/2024 12:00:00 AM,25808,12907,12901
1/1/2024 12:00:00 AM,3/24/2024 12:00:00 AM,25711,11993,13718
1/1/2024 12:00:00 AM,3/25/2024 12:00:00 AM,24948,12082,12866
1/1/2024 12:00:00 AM,3/26/2024 12:00:00 AM,24631,11929,12702
1/1/2024 12:00:00 AM,3/27/2024 12:00:00 AM,23761,11059,12702
1/1/2024 12:00:00 AM,3/28/2024 12:00:00 AM,23752,11059,12693
1/1/2024 12:00:00 AM,3/29/2024 12:00:00 AM,23032,9771,13261
1/1/2024 12:00:00 AM,3/30/2024 12:00:00 AM,27545,13114,14431
1/1/2024 12:00:00 AM,3/31/2024 12:00:00 AM,28011,13386,14625
1/1/2024 12:00:00 AM,4/1/2024 12:00:00 AM,28316,13774,14542
